hg_LPN_8_hg_2C_6_1_1	0.026479	0.278153	0.714281
hg_LPN_8_hg_2C_6_1_1	0.030116	0.241562	0.750937
hg_LPN_8_hg_2C_6_1_1	0.023684	0.240449	0.753718
hg_LPN_8_hg_2C_6_1_1	0.028369	0.226175	0.767221
hg_LPN_8_hg_2C_6_1_1	0.026215	0.212641	0.781634
hg_LPN_8_hg_2C_6_1_1	0.026708	0.223516	0.77035
hg_LPN_8_hg_2C_6_1_1	0.0272	0.232215	0.761292
hg_LPN_8_hg_2C_6_1_1	0.026894	0.221946	0.77192
hg_LPN_8_hg_2C_6_1_1	0.026	0.232754	0.761035
hg_LPN_8_hg_2C_6_1_2	0.023036	0.224467	0.770241
hg_LPN_8_hg_2C_6_1_2	0.024213	0.246342	0.747545
hg_LPN_8_hg_2C_6_1_2	0.023575	0.235397	0.758919
hg_LPN_8_hg_2C_6_1_2	0.021692	0.252099	0.742312
hg_LPN_8_hg_2C_6_1_2	0.027132	0.2137	0.780339
hg_LPN_8_hg_2C_6_1_2	0.026176	0.231773	0.761997
hg_LPN_8_hg_2C_6_1_2	0.026738	0.225554	0.768249
hg_LPN_8_hg_2C_6_1_2	0.025744	0.238034	0.755676
hg_LPN_8_hg_2C_6_1_2	0.025293	0.233497	0.760445
hg_LPN_8_hg_2C_6_1_3	0.025197	0.237383	0.75648
hg_LPN_8_hg_2C_6_1_3	0.028362	0.241714	0.75123
hg_LPN_8_hg_2C_6_1_3	0.025669	0.247265	0.746221
hg_LPN_8_hg_2C_6_1_3	0.023822	0.232934	0.761382
hg_LPN_8_hg_2C_6_1_3	0.025509	0.237341	0.756446
hg_LPN_8_hg_2C_6_1_3	0.025851	0.235654	0.758093
hg_LPN_8_hg_2C_6_1_3	0.027867	0.211259	0.782685
hg_LPN_8_hg_2C_6_1_3	0.026774	0.224311	0.769519
hg_LPN_8_hg_2C_6_1_3	0.025139	0.236509	0.757392
hg_LPN_8_hg_2C_6_1_4	0.021627	0.277568	0.716297
hg_LPN_8_hg_2C_6_1_4	0.025369	0.227891	0.766177
hg_LPN_8_hg_2C_6_1_4	0.026285	0.226117	0.76778
hg_LPN_8_hg_2C_6_1_4	0.024149	0.222516	0.771977
hg_LPN_8_hg_2C_6_1_4	0.026908	0.221598	0.772274
hg_LPN_8_hg_2C_6_1_4	0.027907	0.226524	0.766973
hg_LPN_8_hg_2C_6_1_4	0.025559	0.231513	0.762415
hg_LPN_8_hg_2C_6_1_4	0.0251	0.231085	0.762966
hg_LPN_8_hg_2C_6_1_4	0.025667	0.234022	0.759813
hg_LPN_8_hg_2C_6_1_5	0.032187	0.187049	0.806729
hg_LPN_8_hg_2C_6_1_5	0.02801	0.249776	0.743027
hg_LPN_8_hg_2C_6_1_5	0.024705	0.223064	0.771287
hg_LPN_8_hg_2C_6_1_5	0.025295	0.244582	0.749071
hg_LPN_8_hg_2C_6_1_5	0.025343	0.229898	0.764124
hg_LPN_8_hg_2C_6_1_5	0.025408	0.233553	0.760358
hg_LPN_8_hg_2C_6_1_5	0.026145	0.231289	0.762501
hg_LPN_8_hg_2C_6_1_5	0.026012	0.219503	0.774635
hg_LPN_8_hg_2C_6_1_5	0.026051	0.23078	0.763047
hg_LPN_8_hg_2C_6_1_6	0.023426	0.241855	0.752343
hg_LPN_8_hg_2C_6_1_6	0.024287	0.244223	0.749698
hg_LPN_8_hg_2C_6_1_6	0.025407	0.244041	0.749596
hg_LPN_8_hg_2C_6_1_6	0.024539	0.231223	0.76296
hg_LPN_8_hg_2C_6_1_6	0.024865	0.228007	0.766179
hg_LPN_8_hg_2C_6_1_6	0.02535	0.238859	0.754929
hg_LPN_8_hg_2C_6_1_6	0.026238	0.232596	0.761137
hg_LPN_8_hg_2C_6_1_6	0.025479	0.230255	0.763725
hg_LPN_8_hg_2C_6_1_6	0.025763	0.230002	0.763915
hg_LPN_8_hg_2C_6_1_7	0.021938	0.194679	0.800955
hg_LPN_8_hg_2C_6_1_7	0.024523	0.272096	0.721063
hg_LPN_8_hg_2C_6_1_7	0.031145	0.2059	0.787481
hg_LPN_8_hg_2C_6_1_7	0.027651	0.237044	0.756215
hg_LPN_8_hg_2C_6_1_7	0.027531	0.230962	0.762499
hg_LPN_8_hg_2C_6_1_7	0.025437	0.234629	0.759247
hg_LPN_8_hg_2C_6_1_7	0.026856	0.225396	0.768383
hg_LPN_8_hg_2C_6_1_7	0.025492	0.236163	0.75766
hg_LPN_8_hg_2C_6_1_7	0.026079	0.231766	0.762027
hg_LPN_8_hg_2C_6_1_8	0.022449	0.242944	0.751478
hg_LPN_8_hg_2C_6_1_8	0.021523	0.265659	0.728497
hg_LPN_8_hg_2C_6_1_8	0.027455	0.219288	0.774522
hg_LPN_8_hg_2C_6_1_8	0.026007	0.235502	0.75821
hg_LPN_8_hg_2C_6_1_8	0.028533	0.223698	0.769732
hg_LPN_8_hg_2C_6_1_8	0.026277	0.225467	0.768449
hg_LPN_8_hg_2C_6_1_8	0.025292	0.246516	0.747088
hg_LPN_8_hg_2C_6_1_8	0.026344	0.229176	0.764623
hg_LPN_8_hg_2C_6_1_8	0.025239	0.232574	0.761405
hg_LPN_8_hg_2C_6_1_9	0.02537	0.232675	0.761268
hg_LPN_8_hg_2C_6_1_9	0.031051	0.192364	0.801471
hg_LPN_8_hg_2C_6_1_9	0.026763	0.228503	0.765214
hg_LPN_8_hg_2C_6_1_9	0.027761	0.214353	0.779526
hg_LPN_8_hg_2C_6_1_9	0.02511	0.240235	0.753578
hg_LPN_8_hg_2C_6_1_9	0.027712	0.215693	0.778159
hg_LPN_8_hg_2C_6_1_9	0.024978	0.235614	0.758349
hg_LPN_8_hg_2C_6_1_9	0.027136	0.22649	0.767192
hg_LPN_8_hg_2C_6_1_9	0.026304	0.225074	0.768847
hg_LPN_8_hg_2C_6_1_10	0.020217	0.282884	0.711279
hg_LPN_8_hg_2C_6_1_10	0.026786	0.234191	0.759363
hg_LPN_8_hg_2C_6_1_10	0.024705	0.22319	0.771156
hg_LPN_8_hg_2C_6_1_10	0.026637	0.231827	0.761829
hg_LPN_8_hg_2C_6_1_10	0.023493	0.239755	0.754477
hg_LPN_8_hg_2C_6_1_10	0.025394	0.242492	0.75119
hg_LPN_8_hg_2C_6_1_10	0.025782	0.230185	0.763723
hg_LPN_8_hg_2C_6_1_10	0.026499	0.2251	0.768773
hg_LPN_8_hg_2C_6_1_10	0.025774	0.228083	0.765883
hg_LPN_8_hg_2C_6_1_11	0.018749	0.255432	0.739687
hg_LPN_8_hg_2C_6_1_11	0.025071	0.225073	0.769138
hg_LPN_8_hg_2C_6_1_11	0.027895	0.202323	0.791869
hg_LPN_8_hg_2C_6_1_11	0.026859	0.2349	0.758617
hg_LPN_8_hg_2C_6_1_11	0.0244	0.237031	0.757041
hg_LPN_8_hg_2C_6_1_11	0.026808	0.2136	0.780514
hg_LPN_8_hg_2C_6_1_11	0.024956	0.236464	0.757484
hg_LPN_8_hg_2C_6_1_11	0.025936	0.231738	0.762091
hg_LPN_8_hg_2C_6_1_11	0.025755	0.232696	0.761153
hg_LPN_8_hg_2C_6_1_12	0.023904	0.303445	0.689124
hg_LPN_8_hg_2C_6_1_12	0.024691	0.227987	0.766242
hg_LPN_8_hg_2C_6_1_12	0.026966	0.232207	0.761357
hg_LPN_8_hg_2C_6_1_12	0.027102	0.21374	0.780306
hg_LPN_8_hg_2C_6_1_12	0.024822	0.230595	0.763535
hg_LPN_8_hg_2C_6_1_12	0.025853	0.220824	0.773316
hg_LPN_8_hg_2C_6_1_12	0.025758	0.235539	0.758234
hg_LPN_8_hg_2C_6_1_12	0.025817	0.236476	0.757257
hg_LPN_8_hg_2C_6_1_12	0.026304	0.225752	0.76815
hg_LPN_8_hg_2C_6_1_13	0.022396	0.289858	0.703502
hg_LPN_8_hg_2C_6_1_13	0.025712	0.218552	0.775682
hg_LPN_8_hg_2C_6_1_13	0.021959	0.252981	0.74134
hg_LPN_8_hg_2C_6_1_13	0.024217	0.252429	0.741307
hg_LPN_8_hg_2C_6_1_13	0.027307	0.236348	0.757017
hg_LPN_8_hg_2C_6_1_13	0.023464	0.231078	0.763369
hg_LPN_8_hg_2C_6_1_13	0.026011	0.229151	0.76473
hg_LPN_8_hg_2C_6_1_13	0.025643	0.230926	0.762998
hg_LPN_8_hg_2C_6_1_13	0.026603	0.228021	0.765748
hg_LPN_8_hg_2C_6_1_14	0.025644	0.240999	0.752658
hg_LPN_8_hg_2C_6_1_14	0.024117	0.238439	0.755669
hg_LPN_8_hg_2C_6_1_14	0.026807	0.199753	0.794745
hg_LPN_8_hg_2C_6_1_14	0.027111	0.222165	0.771642
hg_LPN_8_hg_2C_6_1_14	0.025046	0.22819	0.765948
hg_LPN_8_hg_2C_6_1_14	0.026355	0.221691	0.772308
hg_LPN_8_hg_2C_6_1_14	0.024959	0.238569	0.755324
hg_LPN_8_hg_2C_6_1_14	0.027079	0.233308	0.760199
hg_LPN_8_hg_2C_6_1_14	0.02573	0.235715	0.75806
hg_LPN_8_hg_2C_6_1_15	0.029159	0.254492	0.737864
hg_LPN_8_hg_2C_6_1_15	0.027978	0.275944	0.716113
hg_LPN_8_hg_2C_6_1_15	0.024705	0.238045	0.755925
hg_LPN_8_hg_2C_6_1_15	0.02202	0.235001	0.759707
hg_LPN_8_hg_2C_6_1_15	0.027289	0.240134	0.75313
hg_LPN_8_hg_2C_6_1_15	0.02638	0.211009	0.783274
hg_LPN_8_hg_2C_6_1_15	0.025645	0.225624	0.768438
hg_LPN_8_hg_2C_6_1_15	0.025091	0.245631	0.748048
hg_LPN_8_hg_2C_6_1_15	0.025973	0.233746	0.760021
hg_LPN_8_hg_2C_6_1_16	0.029533	0.20761	0.786071
hg_LPN_8_hg_2C_6_1_16	0.026906	0.19713	0.797419
hg_LPN_8_hg_2C_6_1_16	0.022023	0.233768	0.760968
hg_LPN_8_hg_2C_6_1_16	0.026656	0.224179	0.769681
hg_LPN_8_hg_2C_6_1_16	0.025376	0.231371	0.762605
hg_LPN_8_hg_2C_6_1_16	0.024554	0.238367	0.755633
hg_LPN_8_hg_2C_6_1_16	0.02595	0.231379	0.762457
hg_LPN_8_hg_2C_6_1_16	0.025497	0.232164	0.761762
hg_LPN_8_hg_2C_6_1_16	0.026852	0.231682	0.761926
hg_LPN_8_hg_2C_6_1_17	0.021503	0.269325	0.724755
hg_LPN_8_hg_2C_6_1_17	0.030831	0.215548	0.777596
hg_LPN_8_hg_2C_6_1_17	0.025697	0.226082	0.767955
hg_LPN_8_hg_2C_6_1_17	0.028552	0.22039	0.773132
hg_LPN_8_hg_2C_6_1_17	0.026614	0.233768	0.759841
hg_LPN_8_hg_2C_6_1_17	0.025791	0.227092	0.766896
hg_LPN_8_hg_2C_6_1_17	0.026139	0.226714	0.767201
hg_LPN_8_hg_2C_6_1_17	0.025704	0.233306	0.76054
hg_LPN_8_hg_2C_6_1_17	0.02589	0.23272	0.761095
hg_LPN_8_hg_2C_6_1_18	0.025569	0.254218	0.739111
hg_LPN_8_hg_2C_6_1_18	0.022623	0.231898	0.762734
hg_LPN_8_hg_2C_6_1_18	0.027525	0.222018	0.771697
hg_LPN_8_hg_2C_6_1_18	0.025929	0.236152	0.757562
hg_LPN_8_hg_2C_6_1_18	0.024663	0.244865	0.748942
hg_LPN_8_hg_2C_6_1_18	0.027485	0.222883	0.770818
hg_LPN_8_hg_2C_6_1_18	0.0263	0.234621	0.759042
hg_LPN_8_hg_2C_6_1_18	0.027089	0.222734	0.771065
hg_LPN_8_hg_2C_6_1_18	0.026324	0.229566	0.764227
hg_LPN_8_hg_2C_6_1_19	0.017842	0.296186	0.698433
hg_LPN_8_hg_2C_6_1_19	0.029727	0.191534	0.802597
hg_LPN_8_hg_2C_6_1_19	0.027379	0.227645	0.765946
hg_LPN_8_hg_2C_6_1_19	0.02626	0.197141	0.797544
hg_LPN_8_hg_2C_6_1_19	0.027113	0.222038	0.771774
hg_LPN_8_hg_2C_6_1_19	0.025763	0.229611	0.764317
hg_LPN_8_hg_2C_6_1_19	0.026533	0.223601	0.770305
hg_LPN_8_hg_2C_6_1_19	0.025825	0.231521	0.762341
hg_LPN_8_hg_2C_6_1_19	0.025976	0.226478	0.767481
hg_LPN_8_hg_2C_6_1_20	0.019896	0.296939	0.697033
hg_LPN_8_hg_2C_6_1_20	0.028448	0.221269	0.772251
hg_LPN_8_hg_2C_6_1_20	0.024816	0.232085	0.762009
hg_LPN_8_hg_2C_6_1_20	0.027497	0.221244	0.772501
hg_LPN_8_hg_2C_6_1_20	0.026082	0.22778	0.76612
hg_LPN_8_hg_2C_6_1_20	0.025836	0.231784	0.762069
hg_LPN_8_hg_2C_6_1_20	0.025318	0.233491	0.760444
hg_LPN_8_hg_2C_6_1_20	0.026634	0.233852	0.759749
hg_LPN_8_hg_2C_6_1_20	0.025942	0.231666	0.762165
hg_LPN_8_hg_2C_6_1_1	0.028535	0.20835	0.78553
hg_LPN_8_hg_2C_6_1_1	0.022258	0.263792	0.730203
hg_LPN_8_hg_2C_6_1_1	0.030307	0.231305	0.761467
hg_LPN_8_hg_2C_6_1_1	0.025361	0.237485	0.756336
hg_LPN_8_hg_2C_6_1_1	0.026031	0.238361	0.755269
hg_LPN_8_hg_2C_6_1_1	0.024115	0.237346	0.756789
hg_LPN_8_hg_2C_6_1_1	0.026707	0.239383	0.754049
hg_LPN_8_hg_2C_6_1_1	0.025596	0.228683	0.765311
hg_LPN_8_hg_2C_6_1_1	0.026	0.232306	0.761493
hg_LPN_8_hg_2C_6_1_2	0.022639	0.239874	0.75457
hg_LPN_8_hg_2C_6_1_2	0.02258	0.245774	0.748548
hg_LPN_8_hg_2C_6_1_2	0.028314	0.213023	0.780769
hg_LPN_8_hg_2C_6_1_2	0.023907	0.232278	0.762034
hg_LPN_8_hg_2C_6_1_2	0.026317	0.222241	0.771752
hg_LPN_8_hg_2C_6_1_2	0.025791	0.233627	0.760188
hg_LPN_8_hg_2C_6_1_2	0.025456	0.235949	0.757888
hg_LPN_8_hg_2C_6_1_2	0.026009	0.23223	0.761569
hg_LPN_8_hg_2C_6_1_2	0.025878	0.233303	0.7605
hg_LPN_8_hg_2C_6_1_3	0.028178	0.254649	0.737968
hg_LPN_8_hg_2C_6_1_3	0.030411	0.219072	0.774057
hg_LPN_8_hg_2C_6_1_3	0.030129	0.224488	0.768539
hg_LPN_8_hg_2C_6_1_3	0.024065	0.247374	0.746526
hg_LPN_8_hg_2C_6_1_3	0.023783	0.24443	0.749616
hg_LPN_8_hg_2C_6_1_3	0.026055	0.221526	0.772547
hg_LPN_8_hg_2C_6_1_3	0.026289	0.230076	0.763712
hg_LPN_8_hg_2C_6_1_3	0.025811	0.234437	0.759351
hg_LPN_8_hg_2C_6_1_3	0.026748	0.224018	0.769826
hg_LPN_8_hg_2C_6_1_4	0.023313	0.263187	0.730532
hg_LPN_8_hg_2C_6_1_4	0.022604	0.275325	0.718307
hg_LPN_8_hg_2C_6_1_4	0.023119	0.254674	0.739299
hg_LPN_8_hg_2C_6_1_4	0.02779	0.230066	0.763357
hg_LPN_8_hg_2C_6_1_4	0.024376	0.260402	0.733092
hg_LPN_8_hg_2C_6_1_4	0.025704	0.236215	0.757553
hg_LPN_8_hg_2C_6_1_4	0.025299	0.230376	0.763644
hg_LPN_8_hg_2C_6_1_4	0.026792	0.215394	0.778675
hg_LPN_8_hg_2C_6_1_4	0.024916	0.235588	0.758392
hg_LPN_8_hg_2C_6_1_5	0.021915	0.259307	0.734884
hg_LPN_8_hg_2C_6_1_5	0.027321	0.211186	0.782882
hg_LPN_8_hg_2C_6_1_5	0.027922	0.219485	0.77421
hg_LPN_8_hg_2C_6_1_5	0.02729	0.221433	0.772354
hg_LPN_8_hg_2C_6_1_5	0.026896	0.225614	0.768151
hg_LPN_8_hg_2C_6_1_5	0.026119	0.227866	0.766023
hg_LPN_8_hg_2C_6_1_5	0.026494	0.230585	0.763139
hg_LPN_8_hg_2C_6_1_5	0.025858	0.234356	0.759423
hg_LPN_8_hg_2C_6_1_5	0.025157	0.237618	0.75625
hg_LPN_8_hg_2C_6_1_6	0.021769	0.319653	0.673233
hg_LPN_8_hg_2C_6_1_6	0.025064	0.207282	0.787389
hg_LPN_8_hg_2C_6_1_6	0.025129	0.243044	0.750692
hg_LPN_8_hg_2C_6_1_6	0.027769	0.222187	0.771467
hg_LPN_8_hg_2C_6_1_6	0.024112	0.243895	0.75008
hg_LPN_8_hg_2C_6_1_6	0.025619	0.227098	0.766931
hg_LPN_8_hg_2C_6_1_6	0.026676	0.22607	0.767734
hg_LPN_8_hg_2C_6_1_6	0.026412	0.21867	0.775398
hg_LPN_8_hg_2C_6_1_6	0.026129	0.231502	0.762287
hg_LPN_8_hg_2C_6_1_7	0.019285	0.227534	0.767991
hg_LPN_8_hg_2C_6_1_7	0.030803	0.217204	0.775893
hg_LPN_8_hg_2C_6_1_7	0.028781	0.231663	0.761473
hg_LPN_8_hg_2C_6_1_7	0.027636	0.231157	0.762273
hg_LPN_8_hg_2C_6_1_7	0.025397	0.235354	0.758513
hg_LPN_8_hg_2C_6_1_7	0.028332	0.227401	0.765969
hg_LPN_8_hg_2C_6_1_7	0.026983	0.222285	0.77155
hg_LPN_8_hg_2C_6_1_7	0.025002	0.230474	0.763615
hg_LPN_8_hg_2C_6_1_7	0.025177	0.232582	0.761411
hg_LPN_8_hg_2C_6_1_8	0.018745	0.285523	0.709022
hg_LPN_8_hg_2C_6_1_8	0.02527	0.22875	0.76532
hg_LPN_8_hg_2C_6_1_8	0.025699	0.213149	0.781228
hg_LPN_8_hg_2C_6_1_8	0.024482	0.228535	0.765729
hg_LPN_8_hg_2C_6_1_8	0.025699	0.239366	0.75432
hg_LPN_8_hg_2C_6_1_8	0.024849	0.246403	0.747318
hg_LPN_8_hg_2C_6_1_8	0.025904	0.243509	0.750015
hg_LPN_8_hg_2C_6_1_8	0.025462	0.227358	0.766701
hg_LPN_8_hg_2C_6_1_8	0.026074	0.228721	0.765156
hg_LPN_8_hg_2C_6_1_9	0.026769	0.241262	0.752102
hg_LPN_8_hg_2C_6_1_9	0.021893	0.235685	0.75904
hg_LPN_8_hg_2C_6_1_9	0.027681	0.220623	0.773097
hg_LPN_8_hg_2C_6_1_9	0.02542	0.220742	0.7735
hg_LPN_8_hg_2C_6_1_9	0.027027	0.219737	0.774159
hg_LPN_8_hg_2C_6_1_9	0.02564	0.236641	0.757132
hg_LPN_8_hg_2C_6_1_9	0.026847	0.229917	0.763739
hg_LPN_8_hg_2C_6_1_9	0.026465	0.231291	0.762421
hg_LPN_8_hg_2C_6_1_9	0.02542	0.239359	0.754398
hg_LPN_8_hg_2C_6_1_10	0.027444	0.189457	0.805197
hg_LPN_8_hg_2C_6_1_10	0.025812	0.256395	0.736812
hg_LPN_8_hg_2C_6_1_10	0.024595	0.234442	0.759646
hg_LPN_8_hg_2C_6_1_10	0.02744	0.213864	0.780102
hg_LPN_8_hg_2C_6_1_10	0.025353	0.231202	0.762785
hg_LPN_8_hg_2C_6_1_10	0.025339	0.229491	0.764542
hg_LPN_8_hg_2C_6_1_10	0.026719	0.221552	0.772366
hg_LPN_8_hg_2C_6_1_10	0.025808	0.219415	0.774773
hg_LPN_8_hg_2C_6_1_10	0.025679	0.227306	0.766703
hg_LPN_8_hg_2C_6_1_11	0.018458	0.300729	0.693616
hg_LPN_8_hg_2C_6_1_11	NaN	NaN	NaN
hg_LPN_8_hg_2C_6_1_11	0.022826	0.23241	0.762161
hg_LPN_8_hg_2C_6_1_11	0.03057	0.215458	0.777748
hg_LPN_8_hg_2C_6_1_11	0.028179	0.212805	0.781025
hg_LPN_8_hg_2C_6_1_11	0.024209	0.236404	0.757731
hg_LPN_8_hg_2C_6_1_11	0.025165	0.234678	0.759264
hg_LPN_8_hg_2C_6_1_11	0.027558	0.218343	0.77547
hg_LPN_8_hg_2C_6_1_11	0.025888	0.226503	0.767478
hg_LPN_8_hg_2C_6_1_12	0.018602	0.2763	0.718463
hg_LPN_8_hg_2C_6_1_12	0.025775	0.212139	0.782249
hg_LPN_8_hg_2C_6_1_12	0.025985	0.238194	0.755453
hg_LPN_8_hg_2C_6_1_12	0.025715	0.227448	0.766549
hg_LPN_8_hg_2C_6_1_12	0.023599	0.243178	0.750945
hg_LPN_8_hg_2C_6_1_12	0.024729	0.230026	0.764142
hg_LPN_8_hg_2C_6_1_12	0.026437	0.227006	0.76683
hg_LPN_8_hg_2C_6_1_12	0.02424	0.238726	0.755343
hg_LPN_8_hg_2C_6_1_12	0.024903	0.237706	0.756223
hg_LPN_8_hg_2C_6_1_13	0.024746	0.237174	0.756808
hg_LPN_8_hg_2C_6_1_13	0.027619	0.217341	0.776486
hg_LPN_8_hg_2C_6_1_13	0.02566	0.25121	0.742174
hg_LPN_8_hg_2C_6_1_13	0.023389	0.24677	0.747321
hg_LPN_8_hg_2C_6_1_13	0.027953	0.214231	0.779608
hg_LPN_8_hg_2C_6_1_13	0.025488	0.239422	0.754316
hg_LPN_8_hg_2C_6_1_13	0.026246	0.225684	0.768233
hg_LPN_8_hg_2C_6_1_13	0.026603	0.233002	0.76063
hg_LPN_8_hg_2C_6_1_13	0.026112	0.236355	0.757308
hg_LPN_8_hg_2C_6_1_14	0.025928	0.273405	0.719317
hg_LPN_8_hg_2C_6_1_14	0.022515	0.255311	0.738808
hg_LPN_8_hg_2C_6_1_14	0.02387	0.240217	0.753909
hg_LPN_8_hg_2C_6_1_14	0.027367	0.226265	0.767368
hg_LPN_8_hg_2C_6_1_14	0.027841	0.222662	0.770962
hg_LPN_8_hg_2C_6_1_14	0.023747	0.235515	0.758757
hg_LPN_8_hg_2C_6_1_14	0.025671	0.234348	0.759477
hg_LPN_8_hg_2C_6_1_14	0.024515	0.237002	0.757042
hg_LPN_8_hg_2C_6_1_14	0.025587	0.226338	0.767719
hg_LPN_8_hg_2C_6_1_15	0.025258	0.268097	0.724955
hg_LPN_8_hg_2C_6_1_15	0.024892	0.238862	0.75504
hg_LPN_8_hg_2C_6_1_15	0.024198	0.230554	0.763728
hg_LPN_8_hg_2C_6_1_15	0.024586	0.24716	0.74661
hg_LPN_8_hg_2C_6_1_15	0.023532	0.250654	0.743305
hg_LPN_8_hg_2C_6_1_15	0.026471	0.235714	0.757877
hg_LPN_8_hg_2C_6_1_15	0.026219	0.242393	0.751081
hg_LPN_8_hg_2C_6_1_15	0.02677	0.227973	0.765757
hg_LPN_8_hg_2C_6_1_15	0.025787	0.235706	0.758055
hg_LPN_8_hg_2C_6_1_16	0.024493	0.264158	0.72921
hg_LPN_8_hg_2C_6_1_16	0.028145	0.277759	0.714198
hg_LPN_8_hg_2C_6_1_16	0.027397	0.236314	0.757028
hg_LPN_8_hg_2C_6_1_16	0.024772	0.257452	0.736008
hg_LPN_8_hg_2C_6_1_16	0.025631	0.234711	0.759115
hg_LPN_8_hg_2C_6_1_16	0.024861	0.240322	0.753551
hg_LPN_8_hg_2C_6_1_16	0.026178	0.227936	0.765937
hg_LPN_8_hg_2C_6_1_16	0.024804	0.243781	0.750019
hg_LPN_8_hg_2C_6_1_16	0.025625	0.232274	0.761617
hg_LPN_8_hg_2C_6_1_17	0.030218	0.223433	0.769605
hg_LPN_8_hg_2C_6_1_17	0.02745	0.250847	0.742073
hg_LPN_8_hg_2C_6_1_17	0.028468	0.212511	0.781263
hg_LPN_8_hg_2C_6_1_17	0.024985	0.218924	0.775466
hg_LPN_8_hg_2C_6_1_17	0.025116	0.244797	0.748896
hg_LPN_8_hg_2C_6_1_17	0.024424	0.236862	0.757208
hg_LPN_8_hg_2C_6_1_17	0.026082	0.227152	0.766764
hg_LPN_8_hg_2C_6_1_17	0.025317	0.232345	0.761619
hg_LPN_8_hg_2C_6_1_17	0.026728	0.228654	0.765067
hg_LPN_8_hg_2C_6_1_18	0.027981	0.21122	0.782702
hg_LPN_8_hg_2C_6_1_18	0.022471	0.235029	0.759568
hg_LPN_8_hg_2C_6_1_18	0.028203	0.238192	0.754895
hg_LPN_8_hg_2C_6_1_18	0.028055	0.215091	0.7787
hg_LPN_8_hg_2C_6_1_18	0.022623	0.265234	0.728627
hg_LPN_8_hg_2C_6_1_18	0.025679	0.236634	0.75713
hg_LPN_8_hg_2C_6_1_18	0.025418	0.238838	0.754933
hg_LPN_8_hg_2C_6_1_18	0.024597	0.234212	0.759882
hg_LPN_8_hg_2C_6_1_18	0.025828	0.231852	0.762001
hg_LPN_8_hg_2C_6_1_19	0.026986	0.235678	0.757785
hg_LPN_8_hg_2C_6_1_19	0.024106	0.273833	0.719403
hg_LPN_8_hg_2C_6_1_19	0.026165	0.225224	0.768725
hg_LPN_8_hg_2C_6_1_19	0.028102	0.221516	0.772079
hg_LPN_8_hg_2C_6_1_19	0.025249	0.225452	0.768708
hg_LPN_8_hg_2C_6_1_19	0.026018	0.230544	0.763298
hg_LPN_8_hg_2C_6_1_19	0.026345	0.229268	0.764529
hg_LPN_8_hg_2C_6_1_19	0.024809	0.240533	0.753348
hg_LPN_8_hg_2C_6_1_19	0.026092	0.229443	0.76441
hg_LPN_8_hg_2C_6_1_20	0.026708	0.251086	0.742024
hg_LPN_8_hg_2C_6_1_20	0.02721	0.215308	0.77867
hg_LPN_8_hg_2C_6_1_20	0.026587	0.241332	0.752074
hg_LPN_8_hg_2C_6_1_20	0.024179	0.2377	0.75641
hg_LPN_8_hg_2C_6_1_20	0.024593	0.220319	0.774126
hg_LPN_8_hg_2C_6_1_20	0.026398	0.250662	0.742542
hg_LPN_8_hg_2C_6_1_20	0.025597	0.224199	0.769911
hg_LPN_8_hg_2C_6_1_20	0.026122	0.2209	0.773175
hg_LPN_8_hg_2C_6_1_20	0.026007	0.232293	0.761505
hg_LPN_8_hg_2C_6_1_1	0.030923	0.268487	0.722945
hg_LPN_8_hg_2C_6_1_1	0.025256	0.236653	0.757216
hg_LPN_8_hg_2C_6_1_1	0.028668	0.223493	0.76991
hg_LPN_8_hg_2C_6_1_1	0.026663	0.223549	0.770328
hg_LPN_8_hg_2C_6_1_1	0.026465	0.22491	0.768976
hg_LPN_8_hg_2C_6_1_1	0.025714	0.219714	0.774488
hg_LPN_8_hg_2C_6_1_1	0.025633	0.220121	0.774088
hg_LPN_8_hg_2C_6_1_1	0.025611	0.22878	0.765206
hg_LPN_8_hg_2C_6_1_1	0.025884	0.22943	0.764474
hg_LPN_8_hg_2C_6_1_2	0.022891	0.303834	0.689048
hg_LPN_8_hg_2C_6_1_2	0.025566	0.255163	0.738143
hg_LPN_8_hg_2C_6_1_2	0.025736	0.272406	0.720398
hg_LPN_8_hg_2C_6_1_2	0.025637	0.237453	0.756298
hg_LPN_8_hg_2C_6_1_2	0.027726	0.216721	0.777099
hg_LPN_8_hg_2C_6_1_2	0.026478	0.241413	0.752022
hg_LPN_8_hg_2C_6_1_2	0.026582	0.236346	0.757199
hg_LPN_8_hg_2C_6_1_2	0.025731	0.229181	0.764766
hg_LPN_8_hg_2C_6_1_2	0.026565	0.227109	0.766693
hg_LPN_8_hg_2C_6_1_3	0.023652	0.188596	0.806836
hg_LPN_8_hg_2C_6_1_3	0.021258	0.241072	0.753692
hg_LPN_8_hg_2C_6_1_3	0.028245	0.208561	0.785377
hg_LPN_8_hg_2C_6_1_3	0.026413	0.232687	0.761
hg_LPN_8_hg_2C_6_1_3	0.025638	0.209495	0.784993
hg_LPN_8_hg_2C_6_1_3	0.024607	0.241114	0.752803
hg_LPN_8_hg_2C_6_1_3	0.02584	0.246491	0.74697
hg_LPN_8_hg_2C_6_1_3	0.026785	0.225357	0.768441
hg_LPN_8_hg_2C_6_1_3	0.025867	0.230726	0.763147
hg_LPN_8_hg_2C_6_1_4	0.029853	0.211363	0.782133
hg_LPN_8_hg_2C_6_1_4	0.024246	0.220743	0.773772
hg_LPN_8_hg_2C_6_1_4	0.02305	0.234408	0.760061
hg_LPN_8_hg_2C_6_1_4	0.025164	0.240851	0.752932
hg_LPN_8_hg_2C_6_1_4	0.028648	0.216102	0.777525
hg_LPN_8_hg_2C_6_1_4	0.025785	0.229605	0.764318
hg_LPN_8_hg_2C_6_1_4	0.025972	0.232034	0.76178
hg_LPN_8_hg_2C_6_1_4	0.02658	0.223215	0.77069
hg_LPN_8_hg_2C_6_1_4	0.026147	0.234291	0.759418
hg_LPN_8_hg_2C_6_1_5	0.029001	0.206724	0.787102
hg_LPN_8_hg_2C_6_1_5	0.022994	0.214528	0.780423
hg_LPN_8_hg_2C_6_1_5	0.024001	0.222497	0.772031
hg_LPN_8_hg_2C_6_1_5	0.026775	0.224511	0.769312
hg_LPN_8_hg_2C_6_1_5	0.025764	0.230729	0.763169
hg_LPN_8_hg_2C_6_1_5	0.026163	0.220949	0.773114
hg_LPN_8_hg_2C_6_1_5	0.02524	0.240697	0.753071
hg_LPN_8_hg_2C_6_1_5	0.02467	0.228894	0.765317
hg_LPN_8_hg_2C_6_1_5	0.025948	0.230198	0.76367
hg_LPN_8_hg_2C_6_1_6	0.024005	0.281559	0.711516
hg_LPN_8_hg_2C_6_1_6	0.023393	0.237889	0.756413
hg_LPN_8_hg_2C_6_1_6	0.027264	0.209825	0.784293
hg_LPN_8_hg_2C_6_1_6	0.025518	0.254858	0.738468
hg_LPN_8_hg_2C_6_1_6	0.02572	0.229825	0.764108
hg_LPN_8_hg_2C_6_1_6	0.024442	0.243235	0.750671
hg_LPN_8_hg_2C_6_1_6	0.026327	0.22736	0.766493
hg_LPN_8_hg_2C_6_1_6	0.026707	0.226216	0.767577
hg_LPN_8_hg_2C_6_1_6	0.026811	0.231161	0.762471
hg_LPN_8_hg_2C_6_1_7	0.024482	0.213173	0.781478
hg_LPN_8_hg_2C_6_1_7	0.023389	0.253906	0.740014
hg_LPN_8_hg_2C_6_1_7	0.025832	0.21984	0.77433
hg_LPN_8_hg_2C_6_1_7	0.024719	0.226281	0.767984
hg_LPN_8_hg_2C_6_1_7	0.027084	0.221341	0.772498
hg_LPN_8_hg_2C_6_1_7	0.025303	0.241369	0.752365
hg_LPN_8_hg_2C_6_1_7	0.026965	0.236932	0.756502
hg_LPN_8_hg_2C_6_1_7	0.025891	0.228714	0.765208
hg_LPN_8_hg_2C_6_1_7	0.025639	0.237578	0.756171
hg_LPN_8_hg_2C_6_1_8	0.029994	0.181904	0.812472
hg_LPN_8_hg_2C_6_1_8	0.030496	0.191551	0.802424
hg_LPN_8_hg_2C_6_1_8	0.024304	0.234071	0.760099
hg_LPN_8_hg_2C_6_1_8	0.025492	0.229727	0.764263
hg_LPN_8_hg_2C_6_1_8	0.024895	0.260754	0.732589
hg_LPN_8_hg_2C_6_1_8	0.026071	0.219822	0.774293
hg_LPN_8_hg_2C_6_1_8	0.024271	0.231871	0.762362
hg_LPN_8_hg_2C_6_1_8	0.026041	0.224599	0.769395
hg_LPN_8_hg_2C_6_1_8	0.02592	0.230579	0.763285
hg_LPN_8_hg_2C_6_1_9	0.030703	0.228769	0.763985
hg_LPN_8_hg_2C_6_1_9	0.029169	0.216485	0.777011
hg_LPN_8_hg_2C_6_1_9	0.02792	0.199643	0.794622
hg_LPN_8_hg_2C_6_1_9	0.027858	0.217075	0.776705
hg_LPN_8_hg_2C_6_1_9	0.026523	0.230866	0.762844
hg_LPN_8_hg_2C_6_1_9	0.026261	0.228759	0.765072
hg_LPN_8_hg_2C_6_1_9	0.026393	0.227842	0.765982
hg_LPN_8_hg_2C_6_1_9	0.025584	0.235135	0.758692
hg_LPN_8_hg_2C_6_1_9	0.025988	0.231018	0.762819
hg_LPN_8_hg_2C_6_1_10	0.026719	0.271315	0.721237
hg_LPN_8_hg_2C_6_1_10	0.025181	0.264142	0.729035
hg_LPN_8_hg_2C_6_1_10	0.02747	0.23758	0.75571
hg_LPN_8_hg_2C_6_1_10	0.025398	0.2523	0.741125
hg_LPN_8_hg_2C_6_1_10	0.026112	0.239077	0.754513
hg_LPN_8_hg_2C_6_1_10	0.024672	0.247819	0.745913
hg_LPN_8_hg_2C_6_1_10	0.026597	0.228318	0.765444
hg_LPN_8_hg_2C_6_1_10	0.026674	0.224425	0.769424
hg_LPN_8_hg_2C_6_1_10	0.026579	0.230811	0.762887
hg_LPN_8_hg_2C_6_1_11	0.029632	0.223532	0.769642
hg_LPN_8_hg_2C_6_1_11	0.024858	0.227223	0.766985
hg_LPN_8_hg_2C_6_1_11	0.025611	0.240755	0.752917
hg_LPN_8_hg_2C_6_1_11	0.024464	0.259232	0.734266
hg_LPN_8_hg_2C_6_1_11	0.02644	0.223762	0.770161
hg_LPN_8_hg_2C_6_1_11	0.026859	0.225948	0.767815
hg_LPN_8_hg_2C_6_1_11	0.025016	0.23361	0.760396
hg_LPN_8_hg_2C_6_1_11	0.024957	0.233943	0.760069
hg_LPN_8_hg_2C_6_1_11	0.025241	0.235015	0.758899
hg_LPN_8_hg_2C_6_1_12	0.032423	0.22018	0.772443
hg_LPN_8_hg_2C_6_1_12	0.027324	0.254027	0.738837
hg_LPN_8_hg_2C_6_1_12	0.026685	0.216634	0.777427
hg_LPN_8_hg_2C_6_1_12	0.026064	0.23021	0.763629
hg_LPN_8_hg_2C_6_1_12	0.028466	0.213841	0.779893
hg_LPN_8_hg_2C_6_1_12	0.025803	0.224415	0.769641
hg_LPN_8_hg_2C_6_1_12	0.026556	0.231267	0.762424
hg_LPN_8_hg_2C_6_1_12	0.025626	0.239543	0.754157
hg_LPN_8_hg_2C_6_1_12	0.026783	0.230359	0.763302
hg_LPN_8_hg_2C_6_1_13	0.023625	0.260671	0.733023
hg_LPN_8_hg_2C_6_1_13	0.025881	0.233981	0.759802
hg_LPN_8_hg_2C_6_1_13	0.023638	0.262562	0.731082
hg_LPN_8_hg_2C_6_1_13	0.0248	0.227615	0.766596
hg_LPN_8_hg_2C_6_1_13	0.026319	0.237649	0.755928
hg_LPN_8_hg_2C_6_1_13	0.024991	0.227225	0.76695
hg_LPN_8_hg_2C_6_1_13	0.02579	0.231299	0.762579
hg_LPN_8_hg_2C_6_1_13	0.025975	0.230586	0.763265
hg_LPN_8_hg_2C_6_1_13	0.026314	0.228928	0.764886
hg_LPN_8_hg_2C_6_1_14	0.023838	0.217964	0.776713
hg_LPN_8_hg_2C_6_1_14	0.027491	0.242693	0.750446
hg_LPN_8_hg_2C_6_1_14	0.025903	0.211365	0.783014
hg_LPN_8_hg_2C_6_1_14	0.026531	0.216872	0.777216
hg_LPN_8_hg_2C_6_1_14	0.026296	0.220183	0.773871
hg_LPN_8_hg_2C_6_1_14	0.02559	0.234898	0.758933
hg_LPN_8_hg_2C_6_1_14	0.025191	0.228793	0.765294
hg_LPN_8_hg_2C_6_1_14	0.026313	0.231383	0.762365
hg_LPN_8_hg_2C_6_1_14	0.025418	0.234059	0.759837
hg_LPN_8_hg_2C_6_1_15	0.024712	0.258437	0.735015
hg_LPN_8_hg_2C_6_1_15	0.022618	0.250359	0.743847
hg_LPN_8_hg_2C_6_1_15	0.025504	0.248878	0.744609
hg_LPN_8_hg_2C_6_1_15	0.024983	0.229579	0.764538
hg_LPN_8_hg_2C_6_1_15	0.027372	0.209317	0.784792
hg_LPN_8_hg_2C_6_1_15	0.025094	0.235559	0.758378
hg_LPN_8_hg_2C_6_1_15	0.027427	0.215916	0.777995
hg_LPN_8_hg_2C_6_1_15	0.025579	0.226422	0.767635
hg_LPN_8_hg_2C_6_1_15	0.025927	0.22706	0.766897
hg_LPN_8_hg_2C_6_1_16	0.025595	0.276437	0.716301
hg_LPN_8_hg_2C_6_1_16	0.025458	0.221983	0.772219
hg_LPN_8_hg_2C_6_1_16	0.026737	0.213689	0.78044
hg_LPN_8_hg_2C_6_1_16	0.025139	0.236223	0.757685
hg_LPN_8_hg_2C_6_1_16	0.025706	0.23143	0.762464
hg_LPN_8_hg_2C_6_1_16	0.02748	0.223062	0.770636
hg_LPN_8_hg_2C_6_1_16	0.02685	0.228646	0.765046
hg_LPN_8_hg_2C_6_1_16	0.025851	0.222929	0.771155
hg_LPN_8_hg_2C_6_1_16	0.02611	0.230034	0.763799
hg_LPN_8_hg_2C_6_1_17	0.030877	0.188957	0.805023
hg_LPN_8_hg_2C_6_1_17	0.024996	0.239659	0.754197
hg_LPN_8_hg_2C_6_1_17	0.025083	0.246028	0.747643
hg_LPN_8_hg_2C_6_1_17	0.025596	0.236285	0.757508
hg_LPN_8_hg_2C_6_1_17	0.028165	0.221696	0.771879
hg_LPN_8_hg_2C_6_1_17	0.024873	0.225019	0.769241
hg_LPN_8_hg_2C_6_1_17	0.025285	0.229242	0.764811
hg_LPN_8_hg_2C_6_1_17	0.026326	0.228965	0.764844
hg_LPN_8_hg_2C_6_1_17	0.02626	0.223922	0.770039
hg_LPN_8_hg_2C_6_1_18	0.022542	0.266685	0.727165
hg_LPN_8_hg_2C_6_1_18	0.030715	0.192011	0.801904
hg_LPN_8_hg_2C_6_1_18	0.025663	0.226113	0.767931
hg_LPN_8_hg_2C_6_1_18	0.027016	0.21842	0.775516
hg_LPN_8_hg_2C_6_1_18	0.02679	0.226406	0.767361
hg_LPN_8_hg_2C_6_1_18	0.025789	0.232489	0.761357
hg_LPN_8_hg_2C_6_1_18	0.025828	0.240174	0.753458
hg_LPN_8_hg_2C_6_1_18	0.026717	0.233678	0.759907
hg_LPN_8_hg_2C_6_1_18	0.025953	0.231325	0.762511
hg_LPN_8_hg_2C_6_1_19	0.023311	0.190514	0.804939
hg_LPN_8_hg_2C_6_1_19	0.023912	0.243627	0.750404
hg_LPN_8_hg_2C_6_1_19	0.025788	0.232841	0.760994
hg_LPN_8_hg_2C_6_1_19	0.026857	0.23522	0.758289
hg_LPN_8_hg_2C_6_1_19	0.026859	0.225836	0.767931
hg_LPN_8_hg_2C_6_1_19	0.025995	0.233885	0.759873
hg_LPN_8_hg_2C_6_1_19	0.028046	0.221338	0.772276
hg_LPN_8_hg_2C_6_1_19	0.026345	0.229743	0.764041
hg_LPN_8_hg_2C_6_1_19	0.02571	0.228984	0.764974
hg_LPN_8_hg_2C_6_1_20	0.022284	0.17721	0.818752
hg_LPN_8_hg_2C_6_1_20	0.027574	0.195603	0.798851
hg_LPN_8_hg_2C_6_1_20	0.028774	0.229362	0.763842
hg_LPN_8_hg_2C_6_1_20	0.025771	0.219027	0.775179
hg_LPN_8_hg_2C_6_1_20	0.026381	0.215657	0.7785
hg_LPN_8_hg_2C_6_1_20	0.026536	0.218781	0.775256
hg_LPN_8_hg_2C_6_1_20	0.026036	0.231788	0.762016
hg_LPN_8_hg_2C_6_1_20	0.025794	0.237529	0.756182
hg_LPN_8_hg_2C_6_1_20	0.025854	0.233308	0.7605
hg_LPN_8_hg_2C_6_1_1	0.025777	0.185166	0.809935
hg_LPN_8_hg_2C_6_1_1	0.028007	0.24036	0.752714
hg_LPN_8_hg_2C_6_1_1	0.021911	0.239659	0.754972
hg_LPN_8_hg_2C_6_1_1	0.026246	0.216737	0.777421
hg_LPN_8_hg_2C_6_1_1	0.025836	0.231597	0.76226
hg_LPN_8_hg_2C_6_1_1	0.025271	0.233703	0.760238
hg_LPN_8_hg_2C_6_1_1	0.025073	0.230877	0.763185
hg_LPN_8_hg_2C_6_1_1	0.026375	0.230235	0.763528
hg_LPN_8_hg_2C_6_1_1	0.026126	0.224338	0.769644
hg_LPN_8_hg_2C_6_1_2	0.024084	0.255474	0.738221
hg_LPN_8_hg_2C_6_1_2	0.02565	0.238851	0.75486
hg_LPN_8_hg_2C_6_1_2	0.025738	0.243972	0.749583
hg_LPN_8_hg_2C_6_1_2	0.025386	0.225626	0.768497
hg_LPN_8_hg_2C_6_1_2	0.026194	0.238784	0.754793
hg_LPN_8_hg_2C_6_1_2	0.025986	0.242173	0.751365
hg_LPN_8_hg_2C_6_1_2	0.025792	0.237209	0.756511
hg_LPN_8_hg_2C_6_1_2	0.025849	0.235991	0.757747
hg_LPN_8_hg_2C_6_1_2	0.026316	0.229241	0.764563
hg_LPN_8_hg_2C_6_1_3	0.03032	0.220035	0.773085
hg_LPN_8_hg_2C_6_1_3	0.023211	0.253806	0.740164
hg_LPN_8_hg_2C_6_1_3	0.024737	0.25083	0.742808
hg_LPN_8_hg_2C_6_1_3	0.025289	0.247974	0.745592
hg_LPN_8_hg_2C_6_1_3	0.026497	0.227452	0.766356
hg_LPN_8_hg_2C_6_1_3	0.025714	0.226927	0.767084
hg_LPN_8_hg_2C_6_1_3	0.025675	0.237198	0.756551
hg_LPN_8_hg_2C_6_1_3	0.026597	0.231821	0.761845
hg_LPN_8_hg_2C_6_1_3	0.025835	0.231492	0.762369
hg_LPN_8_hg_2C_6_1_4	0.030995	0.203098	0.790406
hg_LPN_8_hg_2C_6_1_4	0.0306	0.207474	0.785977
hg_LPN_8_hg_2C_6_1_4	0.025093	0.238494	0.755367
hg_LPN_8_hg_2C_6_1_4	0.024063	0.229371	0.764974
hg_LPN_8_hg_2C_6_1_4	0.026004	0.235674	0.758034
hg_LPN_8_hg_2C_6_1_4	0.026774	0.217609	0.776404
hg_LPN_8_hg_2C_6_1_4	0.02595	0.225368	0.768628
hg_LPN_8_hg_2C_6_1_4	0.026012	0.227549	0.766374
hg_LPN_8_hg_2C_6_1_4	0.025969	0.234017	0.759744
hg_LPN_8_hg_2C_6_1_5	0.026463	0.255785	0.737262
hg_LPN_8_hg_2C_6_1_5	0.028121	0.235365	0.757824
hg_LPN_8_hg_2C_6_1_5	0.023208	0.247061	0.747069
hg_LPN_8_hg_2C_6_1_5	0.024353	0.240921	0.753065
hg_LPN_8_hg_2C_6_1_5	0.026826	0.225834	0.767941
hg_LPN_8_hg_2C_6_1_5	0.025212	0.23345	0.760511
hg_LPN_8_hg_2C_6_1_5	0.026674	0.229798	0.763904
hg_LPN_8_hg_2C_6_1_5	0.027255	0.229241	0.764336
hg_LPN_8_hg_2C_6_1_5	0.026858	0.230577	0.763059
hg_LPN_8_hg_2C_6_1_6	0.034287	0.194266	0.798836
hg_LPN_8_hg_2C_6_1_6	0.021196	0.233412	0.761534
hg_LPN_8_hg_2C_6_1_6	0.026635	0.239659	0.753783
hg_LPN_8_hg_2C_6_1_6	0.028097	0.227031	0.766406
hg_LPN_8_hg_2C_6_1_6	0.030682	0.214979	0.778216
hg_LPN_8_hg_2C_6_1_6	0.025272	0.22789	0.766202
hg_LPN_8_hg_2C_6_1_6	0.024704	0.244114	0.749703
hg_LPN_8_hg_2C_6_1_6	0.026928	0.21922	0.774714
hg_LPN_8_hg_2C_6_1_6	0.025485	0.233557	0.760335
hg_LPN_8_hg_2C_6_1_7	0.031279	0.241188	0.751023
hg_LPN_8_hg_2C_6_1_7	0.029281	0.228523	0.764585
hg_LPN_8_hg_2C_6_1_7	0.024287	0.243734	0.750199
hg_LPN_8_hg_2C_6_1_7	0.023631	0.256875	0.736908
hg_LPN_8_hg_2C_6_1_7	0.024265	0.250045	0.743737
hg_LPN_8_hg_2C_6_1_7	0.027498	0.21979	0.773995
hg_LPN_8_hg_2C_6_1_7	0.026654	0.233362	0.760248
hg_LPN_8_hg_2C_6_1_7	0.02658	0.230424	0.763284
hg_LPN_8_hg_2C_6_1_7	0.025641	0.228796	0.765183
hg_LPN_8_hg_2C_6_1_8	0.026524	0.246116	0.747178
hg_LPN_8_hg_2C_6_1_8	0.024529	0.243045	0.750844
hg_LPN_8_hg_2C_6_1_8	0.028752	0.203268	0.790714
hg_LPN_8_hg_2C_6_1_8	0.025446	0.233746	0.760151
hg_LPN_8_hg_2C_6_1_8	0.024935	0.234456	0.759549
hg_LPN_8_hg_2C_6_1_8	0.024891	0.237548	0.756388
hg_LPN_8_hg_2C_6_1_8	0.025696	0.221146	0.773022
hg_LPN_8_hg_2C_6_1_8	0.024376	0.242534	0.751407
hg_LPN_8_hg_2C_6_1_8	0.026132	0.232593	0.761166
hg_LPN_8_hg_2C_6_1_9	0.030126	0.196761	0.797127
hg_LPN_8_hg_2C_6_1_9	0.023821	0.237134	0.757079
hg_LPN_8_hg_2C_6_1_9	0.025482	0.262512	0.730622
hg_LPN_8_hg_2C_6_1_9	0.025354	0.226593	0.767513
hg_LPN_8_hg_2C_6_1_9	0.025273	0.230259	0.76377
hg_LPN_8_hg_2C_6_1_9	0.026415	0.230358	0.763391
hg_LPN_8_hg_2C_6_1_9	0.025226	0.227986	0.766114
hg_LPN_8_hg_2C_6_1_9	0.026252	0.229074	0.76475
hg_LPN_8_hg_2C_6_1_9	0.025585	0.234446	0.759397
hg_LPN_8_hg_2C_6_1_10	0.031651	0.211631	0.781452
hg_LPN_8_hg_2C_6_1_10	0.023748	0.222794	0.771786
hg_LPN_8_hg_2C_6_1_10	0.025172	0.239317	0.754504
hg_LPN_8_hg_2C_6_1_10	0.02618	0.232054	0.761707
hg_LPN_8_hg_2C_6_1_10	0.027667	0.227155	0.766382
hg_LPN_8_hg_2C_6_1_10	0.025335	0.237985	0.755829
hg_LPN_8_hg_2C_6_1_10	0.026097	0.23252	0.761249
hg_LPN_8_hg_2C_6_1_10	0.025814	0.241746	0.751848
hg_LPN_8_hg_2C_6_1_10	0.025988	0.231885	0.761928
hg_LPN_8_hg_2C_6_1_11	0.020567	0.262894	0.731586
hg_LPN_8_hg_2C_6_1_11	0.024759	0.250437	0.743205
hg_LPN_8_hg_2C_6_1_11	0.025292	0.226579	0.767542
hg_LPN_8_hg_2C_6_1_11	0.027359	0.229838	0.763697
hg_LPN_8_hg_2C_6_1_11	0.02566	0.231995	0.761896
hg_LPN_8_hg_2C_6_1_11	0.026529	0.238918	0.754572
hg_LPN_8_hg_2C_6_1_11	0.026706	0.218922	0.775071
hg_LPN_8_hg_2C_6_1_11	0.025703	0.241847	0.751773
hg_LPN_8_hg_2C_6_1_11	0.026683	0.225081	0.768749
hg_LPN_8_hg_2C_6_1_12	0.035274	0.197882	0.794881
hg_LPN_8_hg_2C_6_1_12	0.025501	0.236879	0.756922
hg_LPN_8_hg_2C_6_1_12	0.024307	0.246202	0.747665
hg_LPN_8_hg_2C_6_1_12	0.025786	0.225021	0.769023
hg_LPN_8_hg_2C_6_1_12	0.026212	0.243826	0.749611
hg_LPN_8_hg_2C_6_1_12	0.025908	0.232593	0.761221
hg_LPN_8_hg_2C_6_1_12	0.025864	0.237643	0.756047
hg_LPN_8_hg_2C_6_1_12	0.02687	0.221487	0.772398
hg_LPN_8_hg_2C_6_1_12	0.025215	0.23394	0.760009
hg_LPN_8_hg_2C_6_1_13	0.021892	0.31175	0.681272
hg_LPN_8_hg_2C_6_1_13	0.026066	0.222701	0.771339
hg_LPN_8_hg_2C_6_1_13	0.029646	0.221297	0.771942
hg_LPN_8_hg_2C_6_1_13	0.027826	0.218854	0.774882
hg_LPN_8_hg_2C_6_1_13	0.026273	0.226887	0.766992
hg_LPN_8_hg_2C_6_1_13	0.025765	0.237531	0.756187
hg_LPN_8_hg_2C_6_1_13	0.024328	0.233443	0.760736
hg_LPN_8_hg_2C_6_1_13	0.026394	0.224417	0.769499
hg_LPN_8_hg_2C_6_1_13	0.025944	0.230906	0.762944
hg_LPN_8_hg_2C_6_1_14	0.027352	0.218804	0.775042
hg_LPN_8_hg_2C_6_1_14	0.032748	0.18968	0.803898
hg_LPN_8_hg_2C_6_1_14	0.025536	0.219971	0.774264
hg_LPN_8_hg_2C_6_1_14	0.026478	0.239014	0.754485
hg_LPN_8_hg_2C_6_1_14	0.023834	0.242233	0.751853
hg_LPN_8_hg_2C_6_1_14	0.028273	0.216366	0.777339
hg_LPN_8_hg_2C_6_1_14	0.026822	0.227598	0.766129
hg_LPN_8_hg_2C_6_1_14	0.026412	0.230645	0.763098
hg_LPN_8_hg_2C_6_1_14	0.026262	0.234723	0.758946
hg_LPN_8_hg_2C_6_1_15	0.028092	0.188134	0.806429
hg_LPN_8_hg_2C_6_1_15	0.027096	0.211822	0.782279
hg_LPN_8_hg_2C_6_1_15	0.02834	0.215565	0.778148
hg_LPN_8_hg_2C_6_1_15	0.021937	0.256596	0.737649
hg_LPN_8_hg_2C_6_1_15	0.026835	0.217115	0.776898
hg_LPN_8_hg_2C_6_1_15	0.026882	0.231981	0.761611
hg_LPN_8_hg_2C_6_1_15	0.025517	0.232332	0.761584
hg_LPN_8_hg_2C_6_1_15	0.026213	0.223805	0.77017
hg_LPN_8_hg_2C_6_1_15	0.025566	0.232177	0.761731
hg_LPN_8_hg_2C_6_1_16	0.025047	0.224443	0.769791
hg_LPN_8_hg_2C_6_1_16	0.023004	0.208044	0.787056
hg_LPN_8_hg_2C_6_1_16	0.028004	0.2006	0.793621
hg_LPN_8_hg_2C_6_1_16	0.026355	0.241364	0.752103
hg_LPN_8_hg_2C_6_1_16	0.025736	0.23963	0.75404
hg_LPN_8_hg_2C_6_1_16	0.025779	0.22513	0.768912
hg_LPN_8_hg_2C_6_1_16	0.028104	0.225326	0.768158
hg_LPN_8_hg_2C_6_1_16	0.027042	0.22051	0.773362
hg_LPN_8_hg_2C_6_1_16	0.026067	0.232316	0.761466
hg_LPN_8_hg_2C_6_1_17	0.03023	0.195781	0.798116
hg_LPN_8_hg_2C_6_1_17	0.030936	0.232585	0.75999
hg_LPN_8_hg_2C_6_1_17	0.024518	0.23704	0.757004
hg_LPN_8_hg_2C_6_1_17	0.025031	0.233787	0.760211
hg_LPN_8_hg_2C_6_1_17	0.025471	0.236974	0.756832
hg_LPN_8_hg_2C_6_1_17	0.026205	0.228231	0.765628
hg_LPN_8_hg_2C_6_1_17	0.025735	0.218886	0.775332
hg_LPN_8_hg_2C_6_1_17	0.026395	0.226639	0.767217
hg_LPN_8_hg_2C_6_1_17	0.025783	0.232793	0.761046
hg_LPN_8_hg_2C_6_1_18	0.024188	0.189853	0.805441
hg_LPN_8_hg_2C_6_1_18	0.029205	0.233778	0.759189
hg_LPN_8_hg_2C_6_1_18	0.028928	0.22085	0.77257
hg_LPN_8_hg_2C_6_1_18	0.026644	0.229742	0.763969
hg_LPN_8_hg_2C_6_1_18	0.025604	0.226621	0.767424
hg_LPN_8_hg_2C_6_1_18	0.027547	0.240446	0.752743
hg_LPN_8_hg_2C_6_1_18	0.026389	0.230733	0.763013
hg_LPN_8_hg_2C_6_1_18	0.026321	0.237188	0.7564
hg_LPN_8_hg_2C_6_1_18	0.025863	0.228982	0.764988
hg_LPN_8_hg_2C_6_1_19	0.025409	0.298369	0.693852
hg_LPN_8_hg_2C_6_1_19	0.022108	0.253962	0.740296
hg_LPN_8_hg_2C_6_1_19	0.024338	0.273706	0.719467
hg_LPN_8_hg_2C_6_1_19	0.027823	0.222111	0.771532
hg_LPN_8_hg_2C_6_1_19	0.025412	0.247958	0.745577
hg_LPN_8_hg_2C_6_1_19	0.026061	0.231214	0.762599
hg_LPN_8_hg_2C_6_1_19	0.025382	0.228096	0.765963
hg_LPN_8_hg_2C_6_1_19	0.026478	0.235446	0.758151
hg_LPN_8_hg_2C_6_1_19	0.025821	0.230074	0.763828
hg_LPN_8_hg_2C_6_1_20	0.022699	0.217156	0.7778
hg_LPN_8_hg_2C_6_1_20	0.024304	0.202096	0.79287
hg_LPN_8_hg_2C_6_1_20	0.024205	0.252102	0.741645
hg_LPN_8_hg_2C_6_1_20	0.026645	0.234401	0.759183
hg_LPN_8_hg_2C_6_1_20	0.025938	0.234853	0.758894
hg_LPN_8_hg_2C_6_1_20	0.026541	0.22751	0.766287
hg_LPN_8_hg_2C_6_1_20	0.024371	0.243022	0.750908
hg_LPN_8_hg_2C_6_1_20	0.026732	0.229414	0.764284
hg_LPN_8_hg_2C_6_1_20	0.026027	0.226905	0.767032
hg_LPN_8_hg_2C_6_1_1	0.025972	0.214003	0.78029
hg_LPN_8_hg_2C_6_1_1	0.024974	0.22892	0.765217
hg_LPN_8_hg_2C_6_1_1	0.024021	0.246056	0.747888
hg_LPN_8_hg_2C_6_1_1	0.028929	0.223056	0.770299
hg_LPN_8_hg_2C_6_1_1	0.025897	0.242196	0.751366
hg_LPN_8_hg_2C_6_1_1	0.026442	0.232661	0.76102
hg_LPN_8_hg_2C_6_1_1	0.026201	0.228853	0.76499
hg_LPN_8_hg_2C_6_1_1	0.025839	0.233893	0.759903
hg_LPN_8_hg_2C_6_1_1	0.026205	0.23408	0.759622
hg_LPN_8_hg_2C_6_1_2	0.029276	0.234393	0.758538
hg_LPN_8_hg_2C_6_1_2	0.024044	0.305158	0.687324
hg_LPN_8_hg_2C_6_1_2	0.030115	0.199804	0.793992
hg_LPN_8_hg_2C_6_1_2	0.025093	0.243113	0.75063
hg_LPN_8_hg_2C_6_1_2	0.026122	0.245236	0.748185
hg_LPN_8_hg_2C_6_1_2	0.024286	0.246508	0.747356
hg_LPN_8_hg_2C_6_1_2	0.026998	0.226456	0.76726
hg_LPN_8_hg_2C_6_1_2	0.025466	0.237852	0.755933
hg_LPN_8_hg_2C_6_1_2	0.025715	0.232906	0.760946
hg_LPN_8_hg_2C_6_1_3	0.022886	0.226857	0.76783
hg_LPN_8_hg_2C_6_1_3	0.024401	0.225352	0.769013
hg_LPN_8_hg_2C_6_1_3	0.026712	0.215768	0.778309
hg_LPN_8_hg_2C_6_1_3	0.026264	0.231625	0.762128
hg_LPN_8_hg_2C_6_1_3	0.024765	0.24839	0.745302
hg_LPN_8_hg_2C_6_1_3	0.025622	0.225328	0.768746
hg_LPN_8_hg_2C_6_1_3	0.027391	0.236387	0.756956
hg_LPN_8_hg_2C_6_1_3	0.026863	0.227829	0.765882
hg_LPN_8_hg_2C_6_1_3	0.025617	0.233144	0.760727
hg_LPN_8_hg_2C_6_1_4	0.029699	0.176882	0.817704
hg_LPN_8_hg_2C_6_1_4	0.027343	0.224988	0.768687
hg_LPN_8_hg_2C_6_1_4	0.022998	0.252127	0.741938
hg_LPN_8_hg_2C_6_1_4	0.027972	0.227949	0.765492
hg_LPN_8_hg_2C_6_1_4	0.023855	0.237814	0.756374
hg_LPN_8_hg_2C_6_1_4	0.026413	0.233292	0.760379
hg_LPN_8_hg_2C_6_1_4	0.025418	0.2342	0.759692
hg_LPN_8_hg_2C_6_1_4	0.026123	0.227802	0.766088
hg_LPN_8_hg_2C_6_1_4	0.026006	0.229945	0.763916
hg_LPN_8_hg_2C_6_1_5	0.025175	0.222098	0.772167
hg_LPN_8_hg_2C_6_1_5	0.021318	0.252438	0.742064
hg_LPN_8_hg_2C_6_1_5	0.026817	0.225165	0.76863
hg_LPN_8_hg_2C_6_1_5	0.023123	0.230066	0.764489
hg_LPN_8_hg_2C_6_1_5	0.026418	0.218577	0.775492
hg_LPN_8_hg_2C_6_1_5	0.024502	0.230536	0.763675
hg_LPN_8_hg_2C_6_1_5	0.025854	0.238172	0.755506
hg_LPN_8_hg_2C_6_1_5	0.026964	0.233054	0.760489
hg_LPN_8_hg_2C_6_1_5	0.026379	0.22743	0.766408
hg_LPN_8_hg_2C_6_1_6	0.028409	0.208285	0.785624
hg_LPN_8_hg_2C_6_1_6	0.019872	0.228824	0.766535
hg_LPN_8_hg_2C_6_1_6	0.025525	0.230973	0.762977
hg_LPN_8_hg_2C_6_1_6	0.024475	0.227791	0.766493
hg_LPN_8_hg_2C_6_1_6	0.026826	0.22798	0.765735
hg_LPN_8_hg_2C_6_1_6	0.027174	0.229177	0.764421
hg_LPN_8_hg_2C_6_1_6	0.025687	0.235545	0.758245
hg_LPN_8_hg_2C_6_1_6	0.025773	0.231479	0.762397
hg_LPN_8_hg_2C_6_1_6	0.024671	0.233519	0.760574
hg_LPN_8_hg_2C_6_1_7	0.026427	0.209432	0.784883
hg_LPN_8_hg_2C_6_1_7	0.027345	0.20511	0.789123
hg_LPN_8_hg_2C_6_1_7	0.030772	0.224362	0.768514
hg_LPN_8_hg_2C_6_1_7	0.027712	0.210161	0.783849
hg_LPN_8_hg_2C_6_1_7	0.023747	0.249739	0.744187
hg_LPN_8_hg_2C_6_1_7	0.024727	0.233448	0.760633
hg_LPN_8_hg_2C_6_1_7	0.026375	0.235597	0.75802
hg_LPN_8_hg_2C_6_1_7	0.026126	0.231377	0.762416
hg_LPN_8_hg_2C_6_1_7	0.025531	0.231968	0.761955
hg_LPN_8_hg_2C_6_1_8	0.026074	0.209661	0.784726
hg_LPN_8_hg_2C_6_1_8	0.025792	0.211906	0.782484
hg_LPN_8_hg_2C_6_1_8	0.026494	0.239891	0.75358
hg_LPN_8_hg_2C_6_1_8	0.027351	0.230656	0.762858
hg_LPN_8_hg_2C_6_1_8	0.026713	0.229908	0.763781
hg_LPN_8_hg_2C_6_1_8	0.025794	0.239699	0.753954
hg_LPN_8_hg_2C_6_1_8	0.025873	0.228863	0.765058
hg_LPN_8_hg_2C_6_1_8	0.02621	0.222422	0.771591
hg_LPN_8_hg_2C_6_1_8	0.026043	0.230455	0.763383
hg_LPN_8_hg_2C_6_1_9	0.029178	0.176207	0.818498
hg_LPN_8_hg_2C_6_1_9	0.026066	0.247298	0.746083
hg_LPN_8_hg_2C_6_1_9	0.02486	0.220741	0.773631
hg_LPN_8_hg_2C_6_1_9	0.024422	0.246895	0.746924
hg_LPN_8_hg_2C_6_1_9	0.025888	0.231467	0.762382
hg_LPN_8_hg_2C_6_1_9	0.025157	0.23141	0.762618
hg_LPN_8_hg_2C_6_1_9	0.025352	0.233414	0.760515
hg_LPN_8_hg_2C_6_1_9	0.025079	0.233703	0.760286
hg_LPN_8_hg_2C_6_1_9	0.025879	0.230318	0.763563
hg_LPN_8_hg_2C_6_1_10	0.028578	0.263574	0.728671
hg_LPN_8_hg_2C_6_1_10	0.027124	0.20752	0.786695
hg_LPN_8_hg_2C_6_1_10	0.028555	0.19556	0.798691
hg_LPN_8_hg_2C_6_1_10	0.024121	0.225617	0.768807
hg_LPN_8_hg_2C_6_1_10	0.029391	0.218858	0.774515
hg_LPN_8_hg_2C_6_1_10	0.025229	0.228732	0.765349
hg_LPN_8_hg_2C_6_1_10	0.025347	0.23673	0.757114
hg_LPN_8_hg_2C_6_1_10	0.025671	0.233641	0.760203
hg_LPN_8_hg_2C_6_1_10	0.026327	0.227223	0.766633
hg_LPN_8_hg_2C_6_1_11	0.023029	0.275421	0.718088
hg_LPN_8_hg_2C_6_1_11	0.031809	0.212225	0.780803
hg_LPN_8_hg_2C_6_1_11	0.024196	0.241984	0.752016
hg_LPN_8_hg_2C_6_1_11	0.024411	0.248617	0.745162
hg_LPN_8_hg_2C_6_1_11	0.024253	0.23074	0.763525
hg_LPN_8_hg_2C_6_1_11	0.026295	0.223524	0.770439
hg_LPN_8_hg_2C_6_1_11	0.026952	0.225579	0.768173
hg_LPN_8_hg_2C_6_1_11	0.025861	0.222623	0.771467
hg_LPN_8_hg_2C_6_1_11	0.02582	0.234199	0.759594
hg_LPN_8_hg_2C_6_1_12	0.037173	0.181147	0.811859
hg_LPN_8_hg_2C_6_1_12	0.027106	0.244113	0.749086
hg_LPN_8_hg_2C_6_1_12	0.023018	0.270428	0.723201
hg_LPN_8_hg_2C_6_1_12	0.028766	0.216115	0.777484
hg_LPN_8_hg_2C_6_1_12	0.025731	0.217123	0.777142
hg_LPN_8_hg_2C_6_1_12	0.02497	0.246477	0.747211
hg_LPN_8_hg_2C_6_1_12	0.026105	0.236893	0.756757
hg_LPN_8_hg_2C_6_1_12	0.025285	0.235526	0.758364
hg_LPN_8_hg_2C_6_1_12	0.025678	0.232565	0.761306
hg_LPN_8_hg_2C_6_1_13	0.017225	0.28829	0.706656
hg_LPN_8_hg_2C_6_1_13	0.027006	0.205447	0.788851
hg_LPN_8_hg_2C_6_1_13	0.027546	0.217949	0.775877
hg_LPN_8_hg_2C_6_1_13	0.026311	0.231157	0.762596
hg_LPN_8_hg_2C_6_1_13	0.025132	0.231985	0.762035
hg_LPN_8_hg_2C_6_1_13	0.024101	0.248874	0.74498
hg_LPN_8_hg_2C_6_1_13	0.026729	0.228097	0.765639
hg_LPN_8_hg_2C_6_1_13	0.025233	0.23395	0.759994
hg_LPN_8_hg_2C_6_1_13	0.025882	0.232587	0.761233
hg_LPN_8_hg_2C_6_1_14	0.030239	0.183704	0.810568
hg_LPN_8_hg_2C_6_1_14	0.019126	0.303505	0.690577
hg_LPN_8_hg_2C_6_1_14	0.02334	0.25274	0.74122
hg_LPN_8_hg_2C_6_1_14	0.026218	0.252767	0.740428
hg_LPN_8_hg_2C_6_1_14	0.025263	0.249181	0.744361
hg_LPN_8_hg_2C_6_1_14	0.025176	0.237583	0.756282
hg_LPN_8_hg_2C_6_1_14	0.025791	0.234993	0.758786
hg_LPN_8_hg_2C_6_1_14	0.026398	0.22276	0.7712
hg_LPN_8_hg_2C_6_1_14	0.025997	0.23467	0.759067
hg_LPN_8_hg_2C_6_1_15	0.03069	0.190083	0.803898
hg_LPN_8_hg_2C_6_1_15	0.022238	0.255522	0.738666
hg_LPN_8_hg_2C_6_1_15	0.027868	0.239404	0.753733
hg_LPN_8_hg_2C_6_1_15	0.026198	0.242112	0.751374
hg_LPN_8_hg_2C_6_1_15	0.026231	0.218422	0.775694
hg_LPN_8_hg_2C_6_1_15	0.025296	0.24441	0.749247
hg_LPN_8_hg_2C_6_1_15	0.025243	0.241007	0.752751
hg_LPN_8_hg_2C_6_1_15	0.026912	0.223619	0.770197
hg_LPN_8_hg_2C_6_1_15	0.025567	0.237034	0.756747
hg_LPN_8_hg_2C_6_1_16	0.019988	0.249617	0.745292
hg_LPN_8_hg_2C_6_1_16	0.023446	0.251332	0.742633
hg_LPN_8_hg_2C_6_1_16	0.027733	0.209151	0.784883
hg_LPN_8_hg_2C_6_1_16	0.025872	0.221818	0.772292
hg_LPN_8_hg_2C_6_1_16	0.024937	0.232912	0.761131
hg_LPN_8_hg_2C_6_1_16	0.025843	0.229267	0.764651
hg_LPN_8_hg_2C_6_1_16	0.025347	0.225884	0.768242
hg_LPN_8_hg_2C_6_1_16	0.025304	0.23758	0.756252
hg_LPN_8_hg_2C_6_1_16	0.025643	0.232771	0.761102
hg_LPN_8_hg_2C_6_1_17	0.023515	0.295236	0.697655
hg_LPN_8_hg_2C_6_1_17	0.019719	0.232842	0.762474
hg_LPN_8_hg_2C_6_1_17	0.026661	0.226236	0.767567
hg_LPN_8_hg_2C_6_1_17	0.025582	0.241623	0.752034
hg_LPN_8_hg_2C_6_1_17	0.027269	0.231723	0.761781
hg_LPN_8_hg_2C_6_1_17	0.026656	0.223321	0.770563
hg_LPN_8_hg_2C_6_1_17	0.026213	0.229833	0.76398
hg_LPN_8_hg_2C_6_1_17	0.026396	0.234495	0.759147
hg_LPN_8_hg_2C_6_1_17	0.026218	0.225637	0.768288
hg_LPN_8_hg_2C_6_1_18	0.023784	0.2126	0.782219
hg_LPN_8_hg_2C_6_1_18	0.030996	0.194139	0.799651
hg_LPN_8_hg_2C_6_1_18	0.027103	0.229236	0.764378
hg_LPN_8_hg_2C_6_1_18	0.027466	0.224523	0.769136
hg_LPN_8_hg_2C_6_1_18	0.028291	0.218552	0.775085
hg_LPN_8_hg_2C_6_1_18	0.025791	0.246923	0.74654
hg_LPN_8_hg_2C_6_1_18	0.026692	0.23056	0.763117
hg_LPN_8_hg_2C_6_1_18	0.026314	0.226827	0.767042
hg_LPN_8_hg_2C_6_1_18	0.025541	0.229869	0.764106
hg_LPN_8_hg_2C_6_1_19	0.02973	0.224818	0.768294
hg_LPN_8_hg_2C_6_1_19	0.025812	0.239793	0.753854
hg_LPN_8_hg_2C_6_1_19	0.024444	0.23192	0.762268
hg_LPN_8_hg_2C_6_1_19	0.022584	0.28096	0.712549
hg_LPN_8_hg_2C_6_1_19	0.023814	0.247456	0.746508
hg_LPN_8_hg_2C_6_1_19	0.025433	0.226616	0.76747
hg_LPN_8_hg_2C_6_1_19	0.025117	0.228622	0.765489
hg_LPN_8_hg_2C_6_1_19	0.025523	0.234166	0.759701
hg_LPN_8_hg_2C_6_1_19	0.025474	0.234538	0.759332
hg_LPN_8_hg_2C_6_1_20	0.022163	0.277175	0.716542
hg_LPN_8_hg_2C_6_1_20	0.031035	0.184099	0.810005
hg_LPN_8_hg_2C_6_1_20	0.026272	0.225097	0.76883
hg_LPN_8_hg_2C_6_1_20	0.026779	0.245081	0.748176
hg_LPN_8_hg_2C_6_1_20	0.02464	0.248449	0.745275
hg_LPN_8_hg_2C_6_1_20	0.024064	0.249642	0.7442
hg_LPN_8_hg_2C_6_1_20	0.0271	0.228761	0.764867
hg_LPN_8_hg_2C_6_1_20	0.026595	0.234815	0.758769
hg_LPN_8_hg_2C_6_1_20	0.026326	0.225188	0.768723
