0.714281	0.750937	0.753718	0.767221	0.781634	0.77035	0.761292	0.77192	0.761035	
0.770241	0.747545	0.758919	0.742312	0.780339	0.761997	0.768249	0.755676	0.760445	
0.75648	0.75123	0.746221	0.761382	0.756446	0.758093	0.782685	0.769519	0.757392	
0.716297	0.766177	0.76778	0.771977	0.772274	0.766973	0.762415	0.762966	0.759813	
0.806729	0.743027	0.771287	0.749071	0.764124	0.760358	0.762501	0.774635	0.763047	
0.752343	0.749698	0.749596	0.76296	0.766179	0.754929	0.761137	0.763725	0.763915	
0.800955	0.721063	0.787481	0.756215	0.762499	0.759247	0.768383	0.75766	0.762027	
0.751478	0.728497	0.774522	0.75821	0.769732	0.768449	0.747088	0.764623	0.761405	
0.761268	0.801471	0.765214	0.779526	0.753578	0.778159	0.758349	0.767192	0.768847	
0.711279	0.759363	0.771156	0.761829	0.754477	0.75119	0.763723	0.768773	0.765883	
0.739687	0.769138	0.791869	0.758617	0.757041	0.780514	0.757484	0.762091	0.761153	
0.689124	0.766242	0.761357	0.780306	0.763535	0.773316	0.758234	0.757257	0.76815	
0.703502	0.775682	0.74134	0.741307	0.757017	0.763369	0.76473	0.762998	0.765748	
0.752658	0.755669	0.794745	0.771642	0.765948	0.772308	0.755324	0.760199	0.75806	
0.737864	0.716113	0.755925	0.759707	0.75313	0.783274	0.768438	0.748048	0.760021	
0.786071	0.797419	0.760968	0.769681	0.762605	0.755633	0.762457	0.761762	0.761926	
0.724755	0.777596	0.767955	0.773132	0.759841	0.766896	0.767201	0.76054	0.761095	
0.739111	0.762734	0.771697	0.757562	0.748942	0.770818	0.759042	0.771065	0.764227	
0.698433	0.802597	0.765946	0.797544	0.771774	0.764317	0.770305	0.762341	0.767481	
0.697033	0.772251	0.762009	0.772501	0.76612	0.762069	0.760444	0.759749	0.762165	
0.78553	0.730203	0.761467	0.756336	0.755269	0.756789	0.754049	0.765311	0.761493	
0.75457	0.748548	0.780769	0.762034	0.771752	0.760188	0.757888	0.761569	0.7605	
0.737968	0.774057	0.768539	0.746526	0.749616	0.772547	0.763712	0.759351	0.769826	
0.730532	0.718307	0.739299	0.763357	0.733092	0.757553	0.763644	0.778675	0.758392	
0.734884	0.782882	0.77421	0.772354	0.768151	0.766023	0.763139	0.759423	0.75625	
0.673233	0.787389	0.750692	0.771467	0.75008	0.766931	0.767734	0.775398	0.762287	
0.767991	0.775893	0.761473	0.762273	0.758513	0.765969	0.77155	0.763615	0.761411	
0.709022	0.76532	0.781228	0.765729	0.75432	0.747318	0.750015	0.766701	0.765156	
0.752102	0.75904	0.773097	0.7735	0.774159	0.757132	0.763739	0.762421	0.754398	
0.805197	0.736812	0.759646	0.780102	0.762785	0.764542	0.772366	0.774773	0.766703	
0.693616	NaN	0.762161	0.777748	0.781025	0.757731	0.759264	0.77547	0.767478	
0.718463	0.782249	0.755453	0.766549	0.750945	0.764142	0.76683	0.755343	0.756223	
0.756808	0.776486	0.742174	0.747321	0.779608	0.754316	0.768233	0.76063	0.757308	
0.719317	0.738808	0.753909	0.767368	0.770962	0.758757	0.759477	0.757042	0.767719	
0.724955	0.75504	0.763728	0.74661	0.743305	0.757877	0.751081	0.765757	0.758055	
0.72921	0.714198	0.757028	0.736008	0.759115	0.753551	0.765937	0.750019	0.761617	
0.769605	0.742073	0.781263	0.775466	0.748896	0.757208	0.766764	0.761619	0.765067	
0.782702	0.759568	0.754895	0.7787	0.728627	0.75713	0.754933	0.759882	0.762001	
0.757785	0.719403	0.768725	0.772079	0.768708	0.763298	0.764529	0.753348	0.76441	
0.742024	0.77867	0.752074	0.75641	0.774126	0.742542	0.769911	0.773175	0.761505	
0.722945	0.757216	0.76991	0.770328	0.768976	0.774488	0.774088	0.765206	0.764474	
0.689048	0.738143	0.720398	0.756298	0.777099	0.752022	0.757199	0.764766	0.766693	
0.806836	0.753692	0.785377	0.761	0.784993	0.752803	0.74697	0.768441	0.763147	
0.782133	0.773772	0.760061	0.752932	0.777525	0.764318	0.76178	0.77069	0.759418	
0.787102	0.780423	0.772031	0.769312	0.763169	0.773114	0.753071	0.765317	0.76367	
0.711516	0.756413	0.784293	0.738468	0.764108	0.750671	0.766493	0.767577	0.762471	
0.781478	0.740014	0.77433	0.767984	0.772498	0.752365	0.756502	0.765208	0.756171	
0.812472	0.802424	0.760099	0.764263	0.732589	0.774293	0.762362	0.769395	0.763285	
0.763985	0.777011	0.794622	0.776705	0.762844	0.765072	0.765982	0.758692	0.762819	
0.721237	0.729035	0.75571	0.741125	0.754513	0.745913	0.765444	0.769424	0.762887	
0.769642	0.766985	0.752917	0.734266	0.770161	0.767815	0.760396	0.760069	0.758899	
0.772443	0.738837	0.777427	0.763629	0.779893	0.769641	0.762424	0.754157	0.763302	
0.733023	0.759802	0.731082	0.766596	0.755928	0.76695	0.762579	0.763265	0.764886	
0.776713	0.750446	0.783014	0.777216	0.773871	0.758933	0.765294	0.762365	0.759837	
0.735015	0.743847	0.744609	0.764538	0.784792	0.758378	0.777995	0.767635	0.766897	
0.716301	0.772219	0.78044	0.757685	0.762464	0.770636	0.765046	0.771155	0.763799	
0.805023	0.754197	0.747643	0.757508	0.771879	0.769241	0.764811	0.764844	0.770039	
0.727165	0.801904	0.767931	0.775516	0.767361	0.761357	0.753458	0.759907	0.762511	
0.804939	0.750404	0.760994	0.758289	0.767931	0.759873	0.772276	0.764041	0.764974	
0.818752	0.798851	0.763842	0.775179	0.7785	0.775256	0.762016	0.756182	0.7605	
0.809935	0.752714	0.754972	0.777421	0.76226	0.760238	0.763185	0.763528	0.769644	
0.738221	0.75486	0.749583	0.768497	0.754793	0.751365	0.756511	0.757747	0.764563	
0.773085	0.740164	0.742808	0.745592	0.766356	0.767084	0.756551	0.761845	0.762369	
0.790406	0.785977	0.755367	0.764974	0.758034	0.776404	0.768628	0.766374	0.759744	
0.737262	0.757824	0.747069	0.753065	0.767941	0.760511	0.763904	0.764336	0.763059	
0.798836	0.761534	0.753783	0.766406	0.778216	0.766202	0.749703	0.774714	0.760335	
0.751023	0.764585	0.750199	0.736908	0.743737	0.773995	0.760248	0.763284	0.765183	
0.747178	0.750844	0.790714	0.760151	0.759549	0.756388	0.773022	0.751407	0.761166	
0.797127	0.757079	0.730622	0.767513	0.76377	0.763391	0.766114	0.76475	0.759397	
0.781452	0.771786	0.754504	0.761707	0.766382	0.755829	0.761249	0.751848	0.761928	
0.731586	0.743205	0.767542	0.763697	0.761896	0.754572	0.775071	0.751773	0.768749	
0.794881	0.756922	0.747665	0.769023	0.749611	0.761221	0.756047	0.772398	0.760009	
0.681272	0.771339	0.771942	0.774882	0.766992	0.756187	0.760736	0.769499	0.762944	
0.775042	0.803898	0.774264	0.754485	0.751853	0.777339	0.766129	0.763098	0.758946	
0.806429	0.782279	0.778148	0.737649	0.776898	0.761611	0.761584	0.77017	0.761731	
0.769791	0.787056	0.793621	0.752103	0.75404	0.768912	0.768158	0.773362	0.761466	
0.798116	0.75999	0.757004	0.760211	0.756832	0.765628	0.775332	0.767217	0.761046	
0.805441	0.759189	0.77257	0.763969	0.767424	0.752743	0.763013	0.7564	0.764988	
0.693852	0.740296	0.719467	0.771532	0.745577	0.762599	0.765963	0.758151	0.763828	
0.7778	0.79287	0.741645	0.759183	0.758894	0.766287	0.750908	0.764284	0.767032	
0.78029	0.765217	0.747888	0.770299	0.751366	0.76102	0.76499	0.759903	0.759622	
0.758538	0.687324	0.793992	0.75063	0.748185	0.747356	0.76726	0.755933	0.760946	
0.76783	0.769013	0.778309	0.762128	0.745302	0.768746	0.756956	0.765882	0.760727	
0.817704	0.768687	0.741938	0.765492	0.756374	0.760379	0.759692	0.766088	0.763916	
0.772167	0.742064	0.76863	0.764489	0.775492	0.763675	0.755506	0.760489	0.766408	
0.785624	0.766535	0.762977	0.766493	0.765735	0.764421	0.758245	0.762397	0.760574	
0.784883	0.789123	0.768514	0.783849	0.744187	0.760633	0.75802	0.762416	0.761955	
0.784726	0.782484	0.75358	0.762858	0.763781	0.753954	0.765058	0.771591	0.763383	
0.818498	0.746083	0.773631	0.746924	0.762382	0.762618	0.760515	0.760286	0.763563	
0.728671	0.786695	0.798691	0.768807	0.774515	0.765349	0.757114	0.760203	0.766633	
0.718088	0.780803	0.752016	0.745162	0.763525	0.770439	0.768173	0.771467	0.759594	
0.811859	0.749086	0.723201	0.777484	0.777142	0.747211	0.756757	0.758364	0.761306	
0.706656	0.788851	0.775877	0.762596	0.762035	0.74498	0.765639	0.759994	0.761233	
0.810568	0.690577	0.74122	0.740428	0.744361	0.756282	0.758786	0.7712	0.759067	
0.803898	0.738666	0.753733	0.751374	0.775694	0.749247	0.752751	0.770197	0.756747	
0.745292	0.742633	0.784883	0.772292	0.761131	0.764651	0.768242	0.756252	0.761102	
0.697655	0.762474	0.767567	0.752034	0.761781	0.770563	0.76398	0.759147	0.768288	
0.782219	0.799651	0.764378	0.769136	0.775085	0.74654	0.763117	0.767042	0.764106	
0.768294	0.753854	0.762268	0.712549	0.746508	0.76747	0.765489	0.759701	0.759332	
0.716542	0.810005	0.76883	0.748176	0.745275	0.7442	0.764867	0.758769	0.768723	
