2773926
2914492
2786856
3809139
3436154
3613689
3667452
3202384
3554486
3491038
1935271
2418727
2571784
2078489
2012151
1582967
1560007
1649284
1759931
1671693
2457312
2139261
2297419
2339609
1952215
2246654
2175466
995127
1325361
1437600
1115524
1069903
779582
763611
2913476
3075871
2892610
4019362
3625434
3801418
3844859
3361423
3724654
3680350
2037386
2535936
2708641
2204310
2135652
1662759
1642724
2859557
2996813
2874818
3846761
3473713
3648583
3684782
3226647
3577974
3534442
1990984
2463958
2618138
2137524
2069693
1640868
1619321
