1443803
1698079
1277543
1583951
1367102
1665917
1862203
619531
1481117
1067803
3543130
3402886
3899706
3689576
3414696
3961379
3824939
2852789
2927942
2906703
3066432
2349507
3730925
3839538
3519558
3246216
1544377
1807657
1375691
1690206
1467950
1784682
1985724
685258
1582376
1150871
3705547
3566607
4067239
3855359
3578837
4135635
3991080
2998514
3087245
3064807
3231235
2492802
3910177
4019549
3695169
3413928
1481381
1714336
1322964
1622792
1410556
1701382
1893840
673326
1524650
1111299
3478780
3330206
3816816
3623208
3351903
3885739
3751823
2835182
2906327
2854998
2998462
2323863
3649589
3761595
3459661
3193834
2209647
2535215
2008490
2378879
2119354
2492620
2729872
1182776
2246775
1740067
4755967
4643977
5168173
4930304
4627247
5232638
5076400
3933682
4040941
4053255
4248180
3376804
4994022
5115693
4751006
4426625
1912315
2212366
1717879
2067740
1821119
2176171
2398989
940629
1946755
1463640
4337388
4217148
4738586
4505553
4218035
4802728
4649268
3548774
3646397
3647336
3838555
3003284
4558069
4676414
4325406
4020864
2058494
2371769
1865257
2230182
1975291
2333612
2562293
1066214
2095674
1605823
4527745
4406765
4923221
4691890
4401050
4989981
4841089
3732043
3833748
3835364
4023269
3180199
4751887
4868444
4517387
4196639
2098755
2412714
1906877
2269652
2015452
2371756
2602688
1112194
2141035
1652723
4585171
4464837
4979056
4747917
4453587
5048082
4896740
3783381
3879336
3880134
4067032
3225441
4798265
4912250
4563837
4242909
1731622
2018399
1552525
1891665
1655120
1986447
2198430
818693
1772819
1317369
4074910
3939901
4447402
4226892
3939854
4515122
4364063
3309534
3392516
3388692
3565631
2774486
4263372
4382936
4043045
3745952
2015566
2317912
1824180
2180552
1931832
2283418
2507904
1042602
2055937
1570219
4452659
4334019
4841765
4611494
4323534
4907217
4761184
3663522
3758716
3757401
3940375
3109845
4659745
4775742
4429284
4115425
1942705
2249273
1749776
2104233
1854001
2216812
2446112
949904
1987905
1491851
4387247
4267701
4788879
4557962
4259953
4854942
4708617
3593157
3699880
3694388
3877931
3042151
4608103
4733228
4379639
4066682
838639
1035686
708014
960685
784831
1012992
1171960
198938
869625
543779
2611215
2446816
2902060
2725854
2472084
2975396
2840830
2015056
2059134
2023552
2157235
1554951
2755061
2858034
2567291
2333380
1144944
1378950
990805
1286329
1076896
1356410
1539262
364653
1180328
785704
3154757
2995828
3487204
3288562
3020503
3555714
3411434
2496030
2562400
2522730
2671863
1988487
3320525
3429636
3122522
2856177
1243804
1499072
1085763
1394717
1173740
1466360
1658743
433172
1275219
870860
3354925
3199508
3696850
3490094
3216777
3765037
3618902
2659184
2728749
2710124
2865748
2148047
3530077
3643459
3325028
3046119
939960
1148896
810812
1057810
879788
1121941
1282920
284695
971817
635535
2804289
2650289
3114289
2925539
2666378
3184015
3041851
2164272
2219845
2203132
2353412
1721760
2961179
3065090
2762550
2528715
901620
1101140
770450
1012282
841588
1078580
1236012
261859
925664
603939
2720118
2567840
3024860
2836473
2585274
3094085
2959213
2097593
2149076
2129063
2271245
1654001
2871084
2979691
2682857
2447924
638872
794566
535553
735018
592541
780335
911245
130852
662546
400854
2199471
2037172
2466217
2296835
2063207
2536970
2405264
1651795
1681314
1651146
1780709
1253426
2323611
2422311
2148824
1946433
623292
779237
519244
721570
579030
763900
894105
122162
649052
387036
2171160
2004480
2432692
2269484
2034513
2501265
2372351
1629180
1657653
1628840
1749849
1228531
2296491
2390280
2120471
1920730
