dr_epibolyT24hpf_1K_1	0.092782	0.1446	0.840611	0.9388,0.0952,0.0377,0,0,0.0497,0.5873,0.1887,0.0344,0.0149,0.0096,0.2381,0.4151,0.0653,0.0876,0.0019,0.0635,0.3396,0.6151,0.253,0,0.0159,0.0189,0.2852,0.6444
dr_epibolyT24hpf_1K_2	0.09341	0.123248	0.864053	0.9680957,0.0534749,0.0193721,-0.0009417,-0.0006403,0.0286967,0.7498837,0.1339663,0.0191719,0.0027337,0.0029166,0.1729409,0.6195565,0.0371767,0.0579255,0.0004912,0.0125845,0.2472509,0.7596751,0.1544467,-0.0002002,0.0111165,-0.0201475,0.1849239,0.785478
dr_epibolyT24hpf_1K_3	0.093243	0.114013	0.874264	0.9784163,0.0371347,0.0129732,-0.000866,-0.0005683,0.0201518,0.8210723,0.1009592,0.0133308,0.0002524,0.0013273,0.1313315,0.7210452,0.025828,0.0428107,0.0003022,0.0012115,0.1886149,0.8266593,0.1101906,-0.0001976,0.0092505,-0.0235944,0.1350535,0.8472753
dr_epibolyT24hpf_1K_4	0.093029	0.108928	0.879899	0.9836906,0.0284369,0.0097408,-0.0007435,-0.0004786,0.0155249,0.8608073,0.0805898,0.0102253,-0.0004952,0.000728,0.1052357,0.780272,0.0197622,0.033871,0.0002339,-0.0023449,0.1515776,0.8646568,0.0855054,-0.0001775,0.0078655,-0.0221819,0.1061042,0.8815671
dr_epibolyT24hpf_1K_5	0.092848	0.105719	0.88346	0.9868931,0.0230387,0.0077947,-0.0006411,-0.0004077,0.012625,0.8861274,0.0669509,0.0082954,-0.000752,0.0004438,0.0876264,0.8188869,0.0159966,0.027997,0.0001958,-0.0036011,0.1264596,0.8890489,0.0698181,-0.0001577,0.006809,-0.0200936,0.0873045,0.90332
dr_epibolyT24hpf_1K_6	0.092704	0.103513	0.885911	0.9890442,0.0193624,0.0064955,-0.0005605,-0.0003534,0.0106377,0.9036633,0.0572213,0.0069791,-0.0008344,0.0002891,0.0750068,0.8460067,0.0134339,0.0238509,0.0001699,-0.0040203,0.1083965,0.9060124,0.0589811,-0.0001408,0.0059882,-0.0181215,0.0741389,0.9183353
dr_epibolyT24hpf_1K_7	0.092588	0.101902	0.887699	0.9905888,0.0166976,0.005567,-0.0004967,-0.0003112,0.0091907,0.9165234,0.0499442,0.0060236,-0.0008468,0.0001967,0.0655392,0.8660836,0.0115778,0.0207706,0.0001506,-0.0040969,0.0948113,0.9184857,0.0510505,-0.0001268,0.005337,-0.0164073,0.0644129,0.9293192
dr_epibolyT24hpf_1K_8	0.092493	0.100676	0.889063	0.9917516,0.0146775,0.0048705,-0.0004453,-0.0002778,0.0080902,0.9263565,0.044301,0.0052985,-0.0008295,0.0001378,0.0581815,0.8815395,0.0101718,0.0183932,0.0001355,-0.0040251,0.0842338,0.9280406,0.044997,-0.0001151,0.0048099,-0.014946,0.0569375,0.9377014
dr_epibolyT24hpf_1K_9	0.092415	0.099712	0.890136	0.9926587,0.0130934,0.0043288,-0.0004033,-0.0002506,0.0072251,0.9341183,0.0397993,0.0047292,-0.0007997,0.0000983,0.0523026,0.8938025,0.00907,0.0165031,0.0001232,-0.0038895,0.0757697,0.9355928,0.0402255,-0.0001052,0.0043755,-0.0137014,0.051014,0.9443078
dr_epibolyT24hpf_1K_10	0.09235	0.098933	0.891001	0.993386,0.0118178,0.0038954,-0.0003684,-0.0002283,0.006527,0.9404006,0.0361256,0.0042705,-0.0007653,0.0000708,0.0474989,0.9037679,0.0081834,0.0149647,0.000113,-0.003729,0.0688457,0.9417118,0.036368,-0.0000969,0.0040119,-0.0126357,0.0462053,0.9496482
dr_epibolyT24hpf_1K_11	0.092294	0.098291	0.891715	0.9939822,0.0107687,0.0035409,-0.000339,-0.0002095,0.005952,0.9455895,0.0330713,0.0038929,-0.00073,0.0000511,0.0435012,0.9120254,0.0074546,0.0136883,0.0001045,-0.0035625,0.0630778,0.9467697,0.0331851,-0.0000897,0.0037033,-0.0117164,0.042224,0.9540546
dr_epibolyT24hpf_1K_12	0.092247	0.097753	0.892313	0.9944798,0.0098907,0.0032455,-0.0003138,-0.0001936,0.0054701,0.9499475,0.0304923,0.0035767,-0.0006956,0.0000366,0.0401227,0.918979,0.006845,0.0126123,0.0000971,-0.0033989,0.0581994,0.9510205,0.0305142,-0.0000835,0.0034383,-0.0109171,0.0388738,0.9577521
dr_epibolyT24hpf_1K_13	0.092206	0.097295	0.892822	0.9949014,0.0091451,0.0029955,-0.0002921,-0.0001799,0.0050603,0.9536594,0.0282857,0.003308,-0.000663,0.0000257,0.0372301,0.9249148,0.0063275,0.011693,0.0000907,-0.0032427,0.0540201,0.9546429,0.028241,-0.0000781,0.0032083,-0.0102169,0.0360158,0.9608991
dr_epibolyT24hpf_1K_14	0.09217	0.096901	0.893261	0.9952631,0.0085039,0.0027813,-0.0002732,-0.0001679,0.0047077,0.9568588,0.0263766,0.0030768,-0.0006323,0.0000174,0.034726,0.9300407,0.0058827,0.0108985,0.0000851,-0.0030955,0.0503997,0.9577667,0.0262828,-0.0000733,0.003007,-0.0095991,0.0335489,0.9636098
dr_epibolyT24hpf_1K_15	0.092138	0.096558	0.893642	0.995577,0.0079468,0.0025957,-0.0002566,-0.0001575,0.004401,0.9596451,0.0247085,0.0028759,-0.0006038,0.000011,0.032537,0.9345119,0.0054963,0.010205,0.0000802,-0.002958,0.0472335,0.960488,0.0245785,-0.0000691,0.0028293,-0.0090503,0.0313981,0.9659692
dr_epibolyT24hpf_1K_16	0.09211	0.096257	0.893977	0.9958518,0.0074582,0.0024333,-0.0002418,-0.0001483,0.0041318,0.9620933,0.0232387,0.0026996,-0.0005772,0.000006,0.0306073,0.9384461,0.0051575,0.0095945,0.0000758,-0.00283,0.044441,0.96288,0.0230817,-0.0000653,0.0026713,-0.0085599,0.0295063,0.9680413
dr_epibolyT24hpf_1K_17	0.092084	0.095991	0.894273	0.9960945,0.0070262,0.00229,-0.0002287,-0.0001401,0.0038937,0.9642616,0.0219338,0.0025437,-0.0005526,0.000002,0.0288935,0.9419347,0.004858,0.0090528,0.0000718,-0.0027109,0.04196,0.964999,0.0217567,-0.0000619,0.0025299,-0.0081191,0.0278295,0.9698757
dr_epibolyT24hpf_1K_18	0.092062	0.095754	0.894537	0.9963103,0.0066415,0.0021626,-0.0002169,-0.0001327,0.0036815,0.9661952,0.0207675,0.0024048,-0.0005298,-0.0000012,0.0273612,0.9450492,0.0045915,0.0085691,0.0000683,-0.0026004,0.0397411,0.9668892,0.0205755,-0.0000589,0.0024027,-0.007721,0.0263329,0.9715109
dr_epibolyT24hpf_1K_19	0.092041	0.095541	0.894773	0.9965035,0.0062967,0.0020487,-0.0002062,-0.0001261,0.0034912,0.9679304,0.0197189,0.0022803,-0.0005086,-0.0000037,0.0259831,0.9478467,0.0043526,0.0081343,0.0000651,-0.0024976,0.0377448,0.9685858,0.0195159,-0.0000561,0.0022876,-0.0073596,0.024989,0.9729778
dr_epibolyT24hpf_1K_20	0.092022	0.09535	0.894987	0.9966775,0.005986,0.0019462,-0.0001966,-0.0001201,0.0033196,0.9694961,0.018771,0.002168,-0.000489,-0.0000057,0.0247371,0.9503732,0.0041374,0.0077416,0.0000621,-0.002402,0.0359393,0.970117,0.0185601,-0.0000536,0.002183,-0.0070303,0.0237755,0.974301
dr_epibolyT24hpf_Oblong_1	0.087299	0.160272	0.824399	0.9043,0.1594,0.012,0.0017,0,0.0814,0.5634,0.1952,0.0221,0.0154,0.0139,0.2174,0.4699,0.138,0.1026,0,0.0507,0.2843,0.5673,0.3125,0.0004,0.0091,0.0386,0.2709,0.5695
dr_epibolyT24hpf_Oblong_2	0.088546	0.133137	0.853929	0.9485476,0.0948807,-0.0008876,0.0007707,-0.0002895,0.0480784,0.7328246,0.1397975,0.0058499,0.0039865,0.0040535,0.1553384,0.65516,0.0919384,0.0598843,-0.0008837,0.0122498,0.2065605,0.7135333,0.2081258,0.0002041,0.0047065,-0.0006304,0.1879077,0.7282929
dr_epibolyT24hpf_Oblong_3	0.089362	0.121189	0.866919	0.9647871,0.0673554,-0.0027826,0.0006027,-0.0002128,0.0340283,0.808244,0.1058134,0.002044,0.0015398,0.0017551,0.1175002,0.7468262,0.0681743,0.0420414,-0.0007098,0.0030675,0.157967,0.7882611,0.1537704,0.0001393,0.003833,-0.007824,0.1409179,0.8028611
dr_epibolyT24hpf_Oblong_4	0.089851	0.114547	0.874145	0.9732304,0.0521797,-0.0030287,0.000507,-0.0001589,0.0263196,0.8505821,0.0846737,0.0007033,0.0006873,0.0009057,0.0939974,0.8003929,0.0540396,0.0323524,-0.0005595,-0.0000452,0.1271903,0.832472,0.1215788,0.0001038,0.0032861,-0.0092282,0.1122781,0.8455404
dr_epibolyT24hpf_Oblong_5	0.09017	0.110333	0.878732	0.9784065,0.0425769,-0.0029093,0.0004384,-0.0001246,0.0214549,0.8776408,0.0704549,0.0001256,0.0003122,0.0005117,0.0781994,0.8353629,0.0447218,0.0262825,-0.000455,-0.00129,0.1062583,0.8615232,0.1004379,0.0000819,0.0028729,-0.0091668,0.093191,0.873092
dr_epibolyT24hpf_Oblong_6	0.090394	0.107424	0.8819	0.9819048,0.0359563,-0.0027072,0.000386,-0.0001015,0.0181066,0.8964148,0.0602822,-0.0001526,0.0001235,0.0003023,0.0669009,0.8599477,0.0381308,0.0221267,-0.000381,-0.0018197,0.0911719,0.8820295,0.0855259,0.0000673,0.0025476,-0.0086946,0.0796063,0.8923255
dr_epibolyT24hpf_Oblong_7	0.090559	0.105297	0.884217	0.9844275,0.0311163,-0.0024991,0.0003446,-0.0000853,0.0156618,0.9101996,0.052658,-0.0002947,0.0000201,0.0001806,0.0584351,0.8781621,0.0332269,0.0191041,-0.0003267,-0.0020368,0.079806,0.8972641,0.0744547,0.0000569,0.0022858,-0.0081271,0.0694591,0.9065065
dr_epibolyT24hpf_Oblong_8	0.090685	0.103674	0.885986	0.9863327,0.0274242,-0.0023066,0.000311,-0.0000733,0.0137984,0.9207492,0.0467369,-0.0003686,-0.0000397,0.0001052,0.0518614,0.8921929,0.0294376,0.0168072,-0.0002855,-0.0021058,0.0709448,0.909023,0.065914,0.0000492,0.0020711,-0.007568,0.061597,0.9173917
dr_epibolyT24hpf_Oblong_9	0.090786	0.102396	0.88738	0.9878226,0.0245149,-0.0021347,0.0002834,-0.0000642,0.0123311,0.9290822,0.042008,-0.0004058,-0.0000754,0.0000564,0.0466119,0.9033306,0.0264224,0.015003,-0.0002533,-0.0021013,0.0638466,0.9183714,0.0591273,0.0000432,0.0018923,-0.0070504,0.0553287,0.9260093
dr_epibolyT24hpf_Oblong_10	0.090867	0.101363	0.888507	0.9890195,0.0221635,-0.0019828,0.0002601,-0.000057,0.0111457,0.9358304,0.0381454,-0.0004225,-0.000097,0.0000236,0.0423244,0.9123852,0.0239666,0.0135483,-0.0002274,-0.0020596,0.0580348,0.9259804,0.0536054,0.0000386,0.0017412,-0.0065826,0.0502154,0.9330003
dr_epibolyT24hpf_Oblong_11	0.090934	0.10051	0.889436	0.9900022,0.0202236,-0.0018489,0.0002404,-0.0000512,0.0101683,0.9414065,0.0349316,-0.0004273,-0.0001101,0.000001,0.0387574,0.9198906,0.0219279,0.0123506,-0.0002062,-0.0019997,0.05319,0.9322935,0.0490254,0.0000348,0.0016122,-0.0061633,0.0459655,0.9387852
dr_epibolyT24hpf_Oblong_12	0.09099	0.099795	0.890216	0.9908234,0.0185959,-0.0017305,0.0002234,-0.0000464,0.0093484,0.9460913,0.0322162,-0.0004251,-0.0001177,-0.0000148,0.0357438,0.9262126,0.0202085,0.0113474,-0.0001886,-0.0019316,0.0490899,0.9376154,0.0451656,0.0000316,0.0015006,-0.0057882,0.0423778,0.9436511
dr_epibolyT24hpf_Oblong_13	0.091038	0.099187	0.890879	0.9915199,0.0172106,-0.0016255,0.0002087,-0.0000425,0.0086508,0.9500826,0.0298918,-0.0004187,-0.0001219,-0.0000261,0.0331642,0.9316105,0.0187389,0.0104949,-0.0001737,-0.0018608,0.0455755,0.9421624,0.0418687,0.000029,0.0014034,-0.0054523,0.0393088,0.9478008
dr_epibolyT24hpf_Oblong_14	0.091079	0.098662	0.891451	0.9921182,0.0160174,-0.0015319,0.0001957,-0.0000391,0.0080501,0.9535239,0.0278798,-0.00041,-0.0001238,-0.0000342,0.0309314,0.9362729,0.0174683,0.0097615,-0.0001609,-0.0017905,0.0425298,0.9460921,0.0390199,0.0000268,0.0013178,-0.0051507,0.0366538,0.9513815
dr_epibolyT24hpf_Oblong_15	0.091115	0.098206	0.891948	0.9926376,0.0149789,-0.0014481,0.0001843,-0.0000362,0.0075274,0.9565213,0.0261212,-0.0003998,-0.0001241,-0.00004,0.0289799,0.9403406,0.016359,0.0091238,-0.0001499,-0.0017221,0.0398652,0.9495221,0.0365339,0.0000248,0.001242,-0.0048788,0.0343344,0.9545026
dr_epibolyT24hpf_Oblong_16	0.091147	0.097806	0.892385	0.9930928,0.0140668,-0.0013727,0.0001741,-0.0000337,0.0070685,0.9591556,0.0245711,-0.0003891,-0.0001234,-0.0000441,0.0272598,0.9439203,0.0153821,0.0085644,-0.0001403,-0.0016566,0.0375143,0.952542,0.0343454,0.0000232,0.0011744,-0.004633,0.0322908,0.9572474
dr_epibolyT24hpf_Oblong_17	0.091175	0.097451	0.892772	0.993495,0.0132594,-0.0013046,0.000165,-0.0000316,0.0066622,0.961489,0.0231945,-0.000378,-0.000122,-0.0000471,0.0257322,0.947095,0.0145153,0.0080695,-0.0001318,-0.0015943,0.0354249,0.9552211,0.0324042,0.0000217,0.0011137,-0.0044098,0.0304767,0.9596799
dr_epibolyT24hpf_Oblong_18	0.0912	0.097135	0.893117	0.9938529,0.0125397,-0.0012427,0.0001568,-0.0000296,0.0063002,0.9635702,0.0219638,-0.000367,-0.0001202,-0.0000492,0.0243666,0.9499296,0.0137408,0.0076287,-0.0001243,-0.0015354,0.0335558,0.9576141,0.0306706,0.0000204,0.0010589,-0.0042065,0.0288554,0.9618506
dr_epibolyT24hpf_Oblong_19	0.091222	0.096852	0.893426	0.9941735,0.011894,-0.0011863,0.0001493,-0.0000279,0.0059754,0.9654381,0.020857,-0.0003562,-0.0001181,-0.0000506,0.0231385,0.9524761,0.0130448,0.0072336,-0.0001176,-0.0014799,0.0318738,0.9597643,0.0291129,0.0000193,0.0010092,-0.0040206,0.0273978,0.9637995
dr_epibolyT24hpf_Oblong_20	0.091243	0.096596	0.893705	0.9944623,0.0113116,-0.0011347,0.0001425,-0.0000264,0.0056825,0.9671238,0.0198563,-0.0003457,-0.0001158,-0.0000515,0.0220283,0.9547761,0.0124159,0.0068774,-0.0001116,-0.0014276,0.0303523,0.9617071,0.0277058,0.0000183,0.000964,-0.00385,0.0260802,0.9655591
dr_epibolyT24hpf_Dome_1	0.084035	0.137217	0.850194	0.919,0.1667,0.0219,0,0.0001,0.0713,0.5208,0.2018,0.0233,0.0124,0.0091,0.2396,0.4737,0.1245,0.086,0.0006,0.0625,0.2763,0.571,0.245,0,0.0104,0.0263,0.2811,0.6565
dr_epibolyT24hpf_Dome_2	0.087115	0.117837	0.870918	0.9563964,0.1001492,0.0045017,-0.00065,-0.0001619,0.042948,0.7003816,0.1474197,0.0075109,0.0025733,0.0009951,0.1750681,0.6571983,0.0823748,0.0502126,-0.0002323,0.018848,0.1987592,0.7250836,0.154827,-0.0001072,0.005553,-0.0078718,0.1856218,0.7925539
dr_epibolyT24hpf_Dome_3	0.08848	0.109973	0.879352	0.9701316,0.0713819,0.0008869,-0.0005162,-0.0001011,0.0306424,0.7831608,0.1123507,0.0034632,0.0005937,-0.0004926,0.1334466,0.748079,0.0609057,0.0353577,-0.0001682,0.0075188,0.1512266,0.7994846,0.1121082,-0.0001132,0.0044916,-0.0125362,0.1366209,0.8520461
dr_epibolyT24hpf_Dome_4	0.089221	0.105732	0.883911	0.9772804,0.0554212,-0.000253,-0.0004046,-0.0000633,0.0238036,0.8302937,0.0902175,0.0018982,-0.0000303,-0.0008703,0.1071697,0.8012625,0.0482019,0.0272703,-0.0001076,0.0032921,0.1214121,0.8424792,0.0877031,-0.0001061,0.0038229,-0.012633,0.107793,0.8851241
dr_epibolyT24hpf_Dome_5	0.089682	0.103082	0.886764	0.9816664,0.0452847,-0.0006789,-0.0003279,-0.0000417,0.0194563,0.8606499,0.0752252,0.0011479,-0.0002678,-0.0009559,0.0893669,0.8360159,0.0398513,0.0221898,-0.0000699,0.0013732,0.1012449,0.8703707,0.0719805,-0.000097,0.0033248,-0.0118015,0.0889316,0.9061427
dr_epibolyT24hpf_Dome_6	0.089997	0.101269	0.888716	0.9846324,0.0382796,-0.0008438,-0.000274,-0.0000287,0.0164503,0.8818142,0.0644539,0.0007376,-0.0003641,-0.0009479,0.0765748,0.8604645,0.0339551,0.0187036,-0.0000464,0.0003938,0.0867603,0.8898997,0.0610226,-0.0000883,0.0029373,-0.0108301,0.0756593,0.9206697
dr_epibolyT24hpf_Dome_7	0.090224	0.099952	0.890136	0.9867722,0.0331499,-0.0008993,-0.0002346,-0.0000205,0.0142481,0.8974062,0.0563586,0.0004924,-0.0004008,-0.0009083,0.0669597,0.8785868,0.0295737,0.0161634,-0.0000314,-0.0001442,0.0758741,0.9043274,0.0529535,-0.0000806,0.002628,-0.009916,0.0658219,0.9313071
dr_epibolyT24hpf_Dome_8	0.090397	0.098951	0.891215	0.9883887,0.0292319,-0.0009052,-0.0002048,-0.0000149,0.0125657,0.909368,0.0500591,0.0003362,-0.0004101,-0.0008592,0.059477,0.8925517,0.0261912,0.0142304,-0.0000213,-0.0004533,0.0674018,0.9154181,0.0467659,-0.0000739,0.0023761,-0.0091036,0.0582422,0.9394312
dr_epibolyT24hpf_Dome_9	0.090532	0.098166	0.892063	0.9896531,0.0261417,-0.000888,-0.0001815,-0.0000111,0.0112384,0.9188341,0.0450204,0.0002319,-0.0004062,-0.000809,0.0534917,0.9036403,0.0235017,0.0127102,-0.0000143,-0.0006351,0.0606244,0.9242079,0.0418713,-0.0000682,0.0021673,-0.0083937,0.0522248,0.945838
dr_epibolyT24hpf_Dome_10	0.09064	0.097532	0.892746	0.9906692,0.0236422,-0.0008601,-0.0001628,-0.0000084,0.0101646,0.9265112,0.0409,0.0001596,-0.000396,-0.0007613,0.0485969,0.9126571,0.0213123,0.0114833,-0.0000094,-0.0007422,0.0550813,0.9313447,0.0379032,-0.0000632,0.0019916,-0.007775,0.0473325,0.9510198
dr_epibolyT24hpf_Dome_11	0.090729	0.09701	0.893309	0.9915035,0.0215789,-0.0008277,-0.0001476,-0.0000064,0.0092781,0.9328623,0.0374686,0.0001081,-0.0003828,-0.000717,0.0445204,0.9201324,0.0194956,0.0104724,-0.0000058,-0.0008037,0.0504643,0.9372542,0.0346215,-0.0000588,0.0018419,-0.0072346,0.0432771,0.9552971
dr_epibolyT24hpf_Dome_12	0.090804	0.096575	0.893781	0.9922009,0.0198467,-0.0007941,-0.0001349,-0.0000048,0.0085338,0.9382035,0.0345671,0.0000704,-0.0003685,-0.0006765,0.0410733,0.9264302,0.017964,0.0096251,-0.0000031,-0.0008366,0.0465599,0.9422278,0.0318624,-0.000055,0.0017128,-0.0067603,0.0398612,0.9588876
dr_epibolyT24hpf_Dome_13	0.090867	0.096204	0.894182	0.9927924,0.0183718,-0.0007609,-0.0001242,-0.0000037,0.0079,0.9427578,0.0320818,0.0000424,-0.000354,-0.0006396,0.0381207,0.931808,0.0166553,0.0089046,-0.0000011,-0.0008511,0.0432152,0.9464713,0.0295104,-0.0000517,0.0016005,-0.0063416,0.0369445,0.9619443
dr_epibolyT24hpf_Dome_14	0.090921	0.095884	0.894526	0.9933005,0.017101,-0.0007288,-0.000115,-0.0000028,0.0073538,0.9466872,0.0299293,0.0000212,-0.0003397,-0.000606,0.0355634,0.9364537,0.0155241,0.0082844,0.0000004,-0.0008537,0.0403181,0.9501344,0.0274815,-0.0000487,0.0015019,-0.0059699,0.0344253,0.9645781
dr_epibolyT24hpf_Dome_15	0.090968	0.095606	0.894825	0.9937417,0.0159946,-0.0006984,-0.0001071,-0.0000021,0.0068782,0.9501119,0.0280471,0.000005,-0.0003261,-0.0005755,0.0333272,0.9405071,0.0145368,0.0077449,0.0000015,-0.0008485,0.0377846,0.9533285,0.0257136,-0.000046,0.0014147,-0.0056381,0.0322275,0.966871
dr_epibolyT24hpf_Dome_16	0.09101	0.095363	0.895089	0.9941284,0.0150226,-0.0006697,-0.0001002,-0.0000015,0.0064604,0.9531233,0.0263873,-0.0000075,-0.0003131,-0.0005476,0.0313552,0.9440747,0.0136675,0.0072715,0.0000024,-0.0008382,0.0355502,0.9561382,0.0241593,-0.0000436,0.0013369,-0.0053403,0.0302933,0.9688852
dr_epibolyT24hpf_Dome_17	0.091046	0.095148	0.895322	0.9944701,0.014162,-0.0006428,-0.0000941,-0.000001,0.0060905,0.9557919,0.0249128,-0.0000172,-0.0003009,-0.0005222,0.0296033,0.9472387,0.0128962,0.0068525,0.0000031,-0.0008246,0.0335651,0.958629,0.0227821,-0.0000414,0.0012672,-0.0050718,0.028578,0.9706685
dr_epibolyT24hpf_Dome_18	0.091079	0.094956	0.895529	0.9947742,0.0133946,-0.0006176,-0.0000888,-0.0000007,0.0057606,0.9581731,0.0235942,-0.0000249,-0.0002893,-0.0004989,0.0280366,0.9500641,0.0122073,0.0064792,0.0000036,-0.0008089,0.0317898,0.9608521,0.0215534,-0.0000395,0.0012044,-0.0048285,0.0270464,0.9722586
dr_epibolyT24hpf_Dome_19	0.091108	0.094783	0.895714	0.9950466,0.0127061,-0.0005941,-0.0000839,-0.0000004,0.0054646,0.960311,0.0224081,-0.0000309,-0.0002785,-0.0004775,0.0266272,0.9526023,0.0115882,0.0061445,0.000004,-0.000792,0.0301926,0.9628486,0.0204504,-0.0000377,0.0011475,-0.0046071,0.0256706,0.9736851
dr_epibolyT24hpf_Dome_20	0.091134	0.094629	0.895883	0.995292,0.0120849,-0.0005721,-0.0000796,-0.0000001,0.0051976,0.962241,0.0213354,-0.0000357,-0.0002684,-0.0004578,0.0253527,0.9548951,0.0110289,0.0058427,0.0000044,-0.0007745,0.0287482,0.9646514,0.0194548,-0.000036,0.0010957,-0.0044048,0.024428,0.9749721
dr_epibolyT24hpf_1OD_1	0.086346	0.150186	0.835621	0.913,0.1573,0.0173,0.001,0.0001,0.0745,0.5515,0.1971,0.0237,0.0141,0.0118,0.2259,0.4676,0.1264,0.0949,0.0004,0.0554,0.2849,0.5731,0.2814,0.0002,0.01,0.0331,0.2758,0.6095
dr_epibolyT24hpf_1OD_2	0.088379	0.126289	0.861466	0.953342,0.0935369,0.0025029,0.0000595,-0.0002044,0.044173,0.7239979,0.1418057,0.0078028,0.0031949,0.0028962,0.1626525,0.6539094,0.0833238,0.0560652,-0.0005035,0.0144808,0.2060817,0.7223988,0.1821502,0.0000398,0.0053932,-0.004305,0.186415,0.7587942
dr_epibolyT24hpf_1OD_3	0.089356	0.116123	0.872483	0.9680939,0.066389,-0.0003087,0.0000075,-0.0001419,0.0313175,0.8014768,0.1074805,0.0037275,0.0009379,0.0009526,0.1233299,0.7459748,0.0615208,0.0396245,-0.0004053,0.0044686,0.1571925,0.7963367,0.133093,0.0000055,0.0043796,-0.0103443,0.1384076,0.8264867
dr_epibolyT24hpf_1OD_4	0.089892	0.110546	0.878535	0.9757538,0.0514279,-0.0010843,0.0000074,-0.000099,0.0242457,0.8451314,0.0860637,0.0021332,0.0001985,0.0002909,0.098777,0.7997501,0.048653,0.0306147,-0.0003101,0.0009635,0.1263747,0.8395071,0.1046141,-0.0000073,0.0037345,-0.0111087,0.1096995,0.8646719
dr_epibolyT24hpf_1OD_5	0.090227	0.107032	0.882352	0.9804465,0.0419624,-0.0013085,0.0000109,-0.0000729,0.019776,0.8730875,0.0716387,0.0013568,-0.0000997,0.0000133,0.0822327,0.8348475,0.0402061,0.0249365,-0.0002448,-0.0005058,0.1054732,0.8676699,0.0861101,-0.0000127,0.0032513,-0.0106548,0.0907564,0.8891262
dr_epibolyT24hpf_1OD_6	0.090456	0.104618	0.884979	0.9836168,0.0354369,-0.0013472,0.0000135,-0.0000563,0.0166966,0.8925086,0.0613102,0.0009245,-0.0002326,-0.0001168,0.0703837,0.8595179,0.034247,0.0210326,-0.0001998,-0.0011797,0.0904364,0.8874584,0.073145,-0.0000149,0.0028742,-0.0099208,0.0773567,0.9061113
dr_epibolyT24hpf_1OD_7	0.090621	0.102857	0.886894	0.9859024,0.0306666,-0.001317,0.0000149,-0.000045,0.0144464,0.906781,0.0535654,0.000661,-0.0002934,-0.0001811,0.061497,0.8777936,0.0298214,0.0181846,-0.0001677,-0.0014969,0.0791224,0.9021133,0.0635631,-0.0000157,0.0025728,-0.0091676,0.0673895,0.9185908
dr_epibolyT24hpf_1OD_8	0.090745	0.101516	0.888353	0.9876282,0.0270277,-0.0012614,0.0000156,-0.0000371,0.0127305,0.9177108,0.0475484,0.0004896,-0.0003197,-0.0002128,0.054592,0.8918706,0.0264062,0.0160154,-0.0001438,-0.0016393,0.07031,0.9133985,0.056196,-0.0000158,0.0023269,-0.0084704,0.0596901,0.9281454
dr_epibolyT24hpf_1OD_9	0.090843	0.100461	0.889501	0.9889775,0.0241604,-0.001198,0.0000158,-0.0000312,0.0113788,0.9263482,0.0427416,0.0003724,-0.0003284,-0.0002275,0.0490753,0.9030442,0.0236915,0.0143083,-0.0001255,-0.0016907,0.063256,0.9223546,0.0503567,-0.0000155,0.002123,-0.0078464,0.0535657,0.9356947
dr_epibolyT24hpf_1OD_10	0.090921	0.099609	0.890428	0.9900614,0.021843,-0.0011342,0.0000158,-0.0000268,0.0102865,0.9333456,0.0388146,0.0002892,-0.0003277,-0.0002327,0.0445679,0.9121276,0.0214822,0.0129299,-0.0001111,-0.0016932,0.0574839,0.9296341,0.0456152,-0.000015,0.0019513,-0.0072943,0.0485788,0.9418095
dr_epibolyT24hpf_1OD_11	0.090986	0.098908	0.891192	0.9909512,0.0199311,-0.0010732,0.0000155,-0.0000234,0.0093855,0.9391294,0.0355468,0.0002282,-0.0003221,-0.0002326,0.0408168,0.9196565,0.0196493,0.0117936,-0.0000996,-0.0016689,0.0526743,0.935667,0.0416888,-0.0000145,0.0018049,-0.0068065,0.04444,0.9468631
dr_epibolyT24hpf_1OD_12	0.091039	0.098319	0.891833	0.9916947,0.018327,-0.0010163,0.0000152,-0.0000206,0.0086295,0.9439899,0.0327853,0.0001823,-0.0003139,-0.0002294,0.0376469,0.9259981,0.0181044,0.0108409,-0.0000901,-0.0016301,0.0486057,0.940748,0.0383842,-0.000014,0.0016787,-0.0063748,0.0409501,0.9511094
dr_epibolyT24hpf_1OD_13	0.091085	0.097819	0.892378	0.9923254,0.0169617,-0.0009637,0.0000148,-0.0000184,0.0079863,0.9481319,0.0304212,0.0001472,-0.0003044,-0.0002245,0.0349329,0.9314126,0.0167844,0.0100305,-0.0000822,-0.0015839,0.0451193,0.9450858,0.0355647,-0.0000134,0.0015688,-0.0059914,0.0379679,0.9547276
dr_epibolyT24hpf_1OD_14	0.091124	0.097389	0.892847	0.992867,0.0157857,-0.0009153,0.0000144,-0.0000166,0.0074323,0.9517036,0.0283747,0.0001197,-0.0002943,-0.0002187,0.0325834,0.9360892,0.0156437,0.0093329,-0.0000755,-0.0015344,0.0420989,0.9488321,0.0331308,-0.0000129,0.0014723,-0.0056492,0.0353902,0.9578473
dr_epibolyT24hpf_1OD_15	0.091158	0.097014	0.893255	0.9933372,0.0147622,-0.000871,0.000014,-0.000015,0.0069502,0.9548153,0.0265857,0.0000979,-0.0002842,-0.0002125,0.0305296,0.9401692,0.0146481,0.0087259,-0.0000698,-0.001484,0.0394569,0.9521002,0.0310085,-0.0000124,0.0013868,-0.0053425,0.0331399,0.9605649
dr_epibolyT24hpf_1OD_16	0.091188	0.096685	0.893613	0.9937492,0.0138634,-0.0008303,0.0000135,-0.0000137,0.0065267,0.9575503,0.0250088,0.0000803,-0.0002743,-0.0002061,0.0287191,0.9437597,0.0137716,0.0081931,-0.0000649,-0.0014341,0.0371265,0.9549761,0.0291416,-0.0000119,0.0013107,-0.0050663,0.0311585,0.9629534
dr_epibolyT24hpf_1OD_17	0.091214	0.096394	0.893931	0.9941133,0.0130677,-0.0007929,0.0000131,-0.0000126,0.006152,0.9599732,0.0236082,0.0000661,-0.0002647,-0.0001997,0.0271111,0.9469439,0.012994,0.0077216,-0.0000606,-0.0013856,0.0350558,0.9575264,0.0274866,-0.0000115,0.0012425,-0.0048165,0.0294005,0.9650692
dr_epibolyT24hpf_1OD_18	0.091237	0.096135	0.894213	0.9944373,0.0123583,-0.0007585,0.0000127,-0.0000117,0.0058179,0.9621345,0.0223561,0.0000544,-0.0002555,-0.0001934,0.0256734,0.9497869,0.0122995,0.0073014,-0.0000568,-0.0013388,0.0332036,0.9598033,0.0260094,-0.000011,0.001181,-0.0045895,0.0278302,0.9669564
dr_epibolyT24hpf_1OD_19	0.091258	0.095903	0.894466	0.9947274,0.011722,-0.0007268,0.0000123,-0.0000108,0.0055182,0.9640743,0.02123,0.0000447,-0.0002468,-0.0001873,0.0243804,0.9523409,0.0116754,0.0069246,-0.0000535,-0.0012941,0.0315372,0.9618487,0.0246829,-0.0000106,0.0011252,-0.0043826,0.026419,0.9686502
dr_epibolyT24hpf_1OD_20	0.091277	0.095693	0.894695	0.9949888,0.011148,-0.0006975,0.0000119,-0.0000101,0.0052479,0.9658252,0.0202118,0.0000365,-0.0002384,-0.0001815,0.0232114,0.9546477,0.0111116,0.0065847,-0.0000505,-0.0012515,0.0300299,0.963696,0.0234851,-0.0000103,0.0010745,-0.0041931,0.025144,0.9701788
dr_epibolyT24hpftet3_1K_1	0.076359	0.123478	0.866314	0.9407,0.1587,0,0,0,0.0535,0.4603,0.1923,0.0241,0.012,0.0038,0.3175,0.5577,0.0653,0.0629,0.0019,0.0635,0.2115,0.6186,0.2385,0,0,0.0385,0.2921,0.6866
dr_epibolyT24hpftet3_1K_2	0.081412	0.109882	0.880379	0.9681882,0.0991368,-0.0081069,-0.0005671,0.0000266,0.0332195,0.6516459,0.1389417,0.012919,0.0033882,-0.0023108,0.2309469,0.7211606,0.0373247,0.0369212,0.0008507,0.0224868,0.13932,0.7653353,0.1479193,0.0000015,-0.0042133,0.0086796,0.1850453,0.8117401
dr_epibolyT24hpftet3_1K_3	0.084122	0.104414	0.885996	0.9782092,0.071759,-0.0079284,-0.0005142,0.0000763,0.023995,0.7449205,0.105419,0.0088191,0.0013887,-0.0028682,0.1756126,0.7974831,0.0260791,0.0261474,0.0006271,0.0112896,0.1026969,0.8316328,0.1063373,0.0000029,-0.0035787,0.0023244,0.1340232,0.866046
dr_epibolyT24hpftet3_1K_4	0.08572	0.101466	0.889021	0.9834203,0.056171,-0.0070234,-0.0004382,0.0000893,0.0187626,0.7991588,0.0844512,0.006694,0.000662,-0.0027203,0.1408371,0.8412,0.020033,0.0202426,0.0005099,0.0067593,0.0811258,0.8688935,0.0828729,0.0000019,-0.0029235,0.0002421,0.1048485,0.8961295
dr_epibolyT24hpftet3_1K_5	0.086764	0.099623	0.890912	0.9866176,0.0461295,-0.006173,-0.0003763,0.0000898,0.0153986,0.8344788,0.070314,0.0053941,0.0003322,-0.0024697,0.1173375,0.8694504,0.0162606,0.0165136,0.000432,0.0044942,0.0669895,0.8926971,0.0678569,0.0000009,-0.0024376,-0.0005848,0.0860495,0.9152043
dr_epibolyT24hpftet3_1K_6	0.087497	0.098363	0.892208	0.9887802,0.0391274,-0.0054657,-0.0003279,0.0000861,0.0130556,0.8592718,0.060186,0.0045169,0.0001616,-0.0022286,0.1004798,0.8891885,0.013683,0.0139448,0.0003753,0.0032028,0.0570289,0.9092021,0.0574353,0.0000003,-0.0020797,-0.0009411,0.0729471,0.9283694
dr_epibolyT24hpftet3_1K_7	0.08804	0.097444	0.893148	0.9903407,0.033968,-0.0048878,-0.00029,0.0000812,0.0113306,0.8776217,0.052589,0.0038851,0.0000655,-0.0020179,0.0878237,0.9037513,0.0118104,0.0120676,0.0003319,0.0023979,0.0496384,0.9213137,0.0497833,-0.0000002,-0.0018094,-0.0010938,0.063299,0.9379999
dr_epibolyT24hpftet3_1K_8	0.088457	0.096747	0.893864	0.99152,0.0300094,-0.0044129,-0.0002596,0.0000761,0.0100078,0.8917463,0.0466854,0.0034084,0.0000082,-0.0018379,0.0779827,0.9149355,0.0103885,0.0106359,0.0002976,0.0018625,0.0439394,0.9305779,0.0439279,-0.0000005,-0.0015992,-0.0011501,0.0559008,0.9453497
dr_epibolyT24hpftet3_1K_9	0.088787	0.096199	0.894427	0.9924426,0.0268764,-0.0040182,-0.0002348,0.0000713,0.0089614,0.9029523,0.0419684,0.0030358,-0.0000274,-0.0016845,0.0701161,0.9237936,0.0092722,0.0095078,0.0002697,0.0014886,0.0394119,0.9378923,0.0393036,-0.0000006,-0.0014318,-0.0011582,0.0500489,0.9511427
dr_epibolyT24hpftet3_1K_10	0.089056	0.095757	0.89488	0.993184,0.0243353,-0.0036862,-0.0002143,0.0000669,0.0081129,0.9120584,0.0381142,0.0027367,-0.0000499,-0.0015531,0.0636862,0.9309823,0.0083724,0.0085961,0.0002466,0.0012171,0.035729,0.9438134,0.0355593,-0.0000008,-0.0012956,-0.0011417,0.0453047,0.9558258
dr_epibolyT24hpftet3_1K_11	0.089278	0.095394	0.895255	0.9937929,0.0222329,-0.0034035,-0.000197,0.0000628,0.0074112,0.9196038,0.0349067,0.0024912,-0.0000644,-0.0014398,0.0583334,0.9369325,0.0076317,0.0078439,0.0002271,0.0010138,0.0326748,0.9487044,0.0324659,-0.0000009,-0.0011827,-0.0011126,0.0413814,0.9596901
dr_epibolyT24hpftet3_1K_12	0.089465	0.095089	0.895567	0.994302,0.0204648,-0.0031603,-0.0001822,0.0000592,0.0068211,0.9259578,0.032196,0.0022862,-0.0000738,-0.0013413,0.0538087,0.9419387,0.0070115,0.0072128,0.0002105,0.0008576,0.0301011,0.9528125,0.0298674,-0.0000009,-0.0010876,-0.0010775,0.0380829,0.9629328
dr_epibolyT24hpftet3_1K_13	0.089625	0.09483	0.895834	0.9947338,0.018957,-0.002949,-0.0001695,0.0000559,0.006318,0.9313815,0.0298752,0.0021123,-0.0000797,-0.001255,0.0499341,0.946209,0.0064845,0.0066757,0.0001961,0.0007351,0.027903,0.9563117,0.0276537,-0.0000009,-0.0010066,-0.0010399,0.0352711,0.9656929
dr_epibolyT24hpftet3_1K_14	0.089763	0.094607	0.896063	0.9951048,0.0176561,-0.0027638,-0.0001585,0.0000529,0.005884,0.9360654,0.027866,0.001963,-0.0000832,-0.0011789,0.0465792,0.9498944,0.0060311,0.006213,0.0001836,0.0006371,0.0260037,0.9593279,0.0257455,-0.0000009,-0.0009367,-0.001002,0.0328458,0.9680705
dr_epibolyT24hpftet3_1K_15	0.089883	0.094414	0.896262	0.995427,0.0165222,-0.0026003,-0.0001487,0.0000502,0.0055058,0.940151,0.0261096,0.0018335,-0.0000852,-0.0011114,0.0436461,0.9531074,0.005637,0.0058103,0.0001726,0.0005575,0.0243464,0.9619546,0.0240835,-0.000001,-0.0008758,-0.0009648,0.0307324,0.97014
dr_epibolyT24hpftet3_1K_16	0.089988	0.094243	0.896437	0.9957094,0.0155251,-0.0024548,-0.0001401,0.0000478,0.0051733,0.943746,0.0245613,0.0017199,-0.0000861,-0.001051,0.04106,0.9559333,0.0052912,0.0054566,0.0001628,0.0004921,0.0228876,0.9642628,0.022623,-0.000001,-0.0008223,-0.0009289,0.0288744,0.9719576
dr_epibolyT24hpftet3_1K_17	0.090082	0.094093	0.896592	0.9959589,0.0146415,-0.0023247,-0.0001325,0.0000455,0.0048786,0.9469338,0.0231862,0.0016196,-0.0000863,-0.0009967,0.038763,0.958438,0.0049854,0.0051435,0.0001541,0.0004375,0.0215936,0.966307,0.0213294,-0.0000009,-0.0007749,-0.0008946,0.0272282,0.9735666
dr_epibolyT24hpftet3_1K_18	0.090166	0.093959	0.89673	0.996181,0.0138531,-0.0022075,-0.0001256,0.0000435,0.0046157,0.9497798,0.0219567,0.0015304,-0.0000859,-0.0009477,0.0367091,0.9606734,0.0047131,0.0048644,0.0001462,0.0003916,0.0204381,0.96813,0.0201758,-0.0000009,-0.0007327,-0.000862,0.0257595,0.9750011
dr_epibolyT24hpftet3_1K_19	0.090241	0.093839	0.896853	0.9963799,0.0131452,-0.0021015,-0.0001194,0.0000416,0.0043797,0.9523362,0.0208509,0.0014505,-0.0000851,-0.0009033,0.0348617,0.9626807,0.0044689,0.004614,0.0001392,0.0003526,0.0193999,0.9697659,0.0191405,-0.0000009,-0.0006948,-0.0008312,0.0244411,0.9762879
dr_epibolyT24hpftet3_1K_20	0.090309	0.093731	0.896965	0.9965592,0.0125061,-0.0020052,-0.0001138,0.0000399,0.0041666,0.9546449,0.0198511,0.0013785,-0.000084,-0.0008628,0.0331912,0.964493,0.0042488,0.0043882,0.0001327,0.0003192,0.018462,0.9712421,0.0182062,-0.0000009,-0.0006606,-0.0008022,0.023251,0.9774487
dr_epibolyT24hpftet3_Oblong_1	0.084732	0.141342	0.845573	0.9216,0.1902,0.0169,0,0.0002,0.0698,0.567,0.1816,0.0148,0.0081,0.0079,0.1902,0.4625,0.1162,0.0724,0.0008,0.0507,0.2978,0.5769,0.2701,0,0.0018,0.0412,0.2921,0.6491
dr_epibolyT24hpftet3_Oblong_2	0.088094	0.121098	0.867203	0.9576,0.1120521,0.0014885,-0.0002686,0.00001,0.0410531,0.738058,0.1299236,0.0029793,0.001502,0.0014486,0.1356725,0.6543005,0.0781969,0.0407703,-0.000074,0.014851,0.2144166,0.7256875,0.1730341,0.0000247,-0.0006949,-0.0001253,0.1934113,0.7846269
dr_epibolyT24hpftet3_Oblong_3	0.089325	0.112479	0.876488	0.9709203,0.0792171,-0.0012156,-0.0001551,0.0000269,0.0290051,0.8128717,0.0982072,0.0004282,0.000277,0.0001686,0.1024562,0.7473292,0.0581378,0.028215,-0.000081,0.0057845,0.1631039,0.7990152,0.1260101,0.0000224,-0.0003734,-0.0074211,0.1425799,0.8454314
dr_epibolyT24hpftet3_Oblong_4	0.089936	0.107745	0.881606	0.9778687,0.061233,-0.001859,-0.0000901,0.0000347,0.022413,0.854551,0.0785192,-0.0003722,-0.0000887,-0.000216,0.0818787,0.8012624,0.046136,0.0215458,-0.0000562,0.002446,0.1309184,0.8417327,0.0988852,0.0000174,-0.0001429,-0.008838,0.1125987,0.8795925
dr_epibolyT24hpftet3_Oblong_5	0.090296	0.10476	0.884842	0.982136,0.0498951,-0.0019757,-0.0000544,0.0000366,0.0182594,0.8810757,0.0652962,-0.0006621,-0.0002198,-0.0003496,0.0680713,0.836321,0.0382044,0.0174195,-0.0000377,0.0009463,0.1091532,0.8695645,0.081316,0.0000135,-0.0000163,-0.008792,0.0929521,0.9014229
dr_epibolyT24hpftet3_Oblong_6	0.090532	0.102707	0.88707	0.9850234,0.0420968,-0.0019302,-0.0000335,0.0000361,0.0154035,0.8994291,0.0558454,-0.0007659,-0.0002682,-0.000394,0.0582083,0.8609019,0.0325862,0.014617,-0.0000255,0.000189,0.0935248,0.8891044,0.0690288,0.0000107,0.0000532,-0.0083394,0.0791128,0.9165654
dr_epibolyT24hpftet3_Oblong_7	0.090699	0.101208	0.888698	0.9871072,0.0364054,-0.0018337,-0.0000207,0.0000347,0.0133196,0.9128797,0.0487675,-0.0007928,-0.0002829,-0.0004026,0.0508244,0.8790797,0.0284025,0.0125901,-0.0000174,-0.000222,0.0817815,0.903567,0.0599591,0.0000087,0.0000921,-0.0077928,0.0688475,0.927681
dr_epibolyT24hpftet3_Oblong_8	0.090822	0.100066	0.889938	0.9886818,0.032069,-0.0017248,-0.0000124,0.000033,0.0117322,0.9231593,0.0432736,-0.0007856,-0.0002828,-0.0003958,0.0450945,0.8930634,0.025168,0.0110564,-0.0000118,-0.0004546,0.0726437,0.9146994,0.0529919,0.0000072,0.0001139,-0.007254,0.0609337,0.9361857
dr_epibolyT24hpftet3_Oblong_9	0.090917	0.099167	0.890915	0.9899137,0.0286553,-0.0016177,-0.0000068,0.0000312,0.0104827,0.9312703,0.0388878,-0.0007633,-0.000276,-0.0003825,0.0405211,0.9041523,0.0225933,0.0098554,-0.0000079,-0.0005886,0.0653348,0.9235314,0.0474731,0.0000061,0.0001257,-0.0067555,0.0546484,0.9429022
dr_epibolyT24hpftet3_Oblong_10	0.090992	0.098442	0.891704	0.9909037,0.0258983,-0.0015176,-0.000003,0.0000295,0.0094737,0.9378332,0.0353067,-0.0007345,-0.0002663,-0.0003666,0.0367874,0.91316,0.0204955,0.0088897,-0.0000052,-0.0006651,0.0593577,0.9307082,0.0429942,0.0000053,0.0001317,-0.0063052,0.0495365,0.9483403
dr_epibolyT24hpftet3_Oblong_11	0.091053	0.097844	0.892355	0.9917167,0.0236251,-0.0014261,-0.0000003,0.0000279,0.0086419,0.9432524,0.032328,-0.0007036,-0.0002555,-0.0003501,0.0336822,0.9206215,0.0187537,0.0080962,-0.0000031,-0.000707,0.0543798,0.9366547,0.0392868,0.0000046,0.0001341,-0.0059018,0.0452979,0.9528331
dr_epibolyT24hpftet3_Oblong_12	0.091103	0.097343	0.892901	0.9923963,0.0217187,-0.001343,0.0000017,0.0000264,0.0079443,0.9478028,0.0298118,-0.0006727,-0.0002445,-0.0003339,0.0310593,0.9269032,0.0172843,0.0074326,-0.0000016,-0.0007273,0.0501705,0.9416622,0.0361675,0.000004,0.0001342,-0.0055412,0.0417268,0.9566073
dr_epibolyT24hpftet3_Oblong_13	0.091146	0.096916	0.893365	0.9929728,0.0200969,-0.0012679,0.000003,0.000025,0.0073508,0.9516778,0.0276584,-0.0006428,-0.0002338,-0.0003184,0.0288148,0.9322642,0.0160283,0.0068696,-0.0000005,-0.0007338,0.0465649,0.9459365,0.0335068,0.0000036,0.0001329,-0.0052184,0.0386771,0.9598225
dr_epibolyT24hpftet3_Oblong_14	0.091182	0.096549	0.893765	0.9934681,0.0187005,-0.0011998,0.0000041,0.0000237,0.0068399,0.9550174,0.0257947,-0.0006144,-0.0002235,-0.0003038,0.0268724,0.936893,0.0149423,0.0063858,0.0000004,-0.0007316,0.043442,0.9496276,0.0312105,0.0000032,0.0001308,-0.0049286,0.0360425,0.9625942
dr_epibolyT24hpftet3_Oblong_15	0.091213	0.096229	0.894113	0.9938982,0.0174855,-0.0011382,0.0000048,0.0000226,0.0063954,0.9579253,0.024166,-0.0005877,-0.0002138,-0.0002902,0.025175,0.94093,0.013994,0.0059657,0.000001,-0.0007238,0.0407111,0.9528471,0.0292087,0.0000029,0.0001282,-0.0046677,0.0337436,0.9650083
dr_epibolyT24hpftet3_Oblong_16	0.091241	0.095949	0.894418	0.9942751,0.0164187,-0.0010822,0.0000054,0.0000215,0.0060051,0.9604801,0.0227305,-0.0005627,-0.0002048,-0.0002775,0.0236791,0.9444817,0.0131588,0.0055974,0.0000015,-0.0007124,0.0383028,0.9556801,0.027448,0.0000026,0.0001252,-0.0044318,0.0317203,0.9671297
dr_epibolyT24hpftet3_Oblong_17	0.091265	0.0957	0.894688	0.9946081,0.0154746,-0.0010311,0.0000057,0.0000206,0.0056597,0.9627425,0.0214559,-0.0005395,-0.0001963,-0.0002658,0.0223508,0.9476307,0.0124176,0.0052719,0.0000019,-0.0006987,0.0361632,0.958192,0.0258875,0.0000024,0.0001221,-0.0042176,0.0299258,0.9690087
dr_epibolyT24hpftet3_Oblong_18	0.091286	0.095479	0.894929	0.9949046,0.0146332,-0.0009845,0.000006,0.0000197,0.0053519,0.9647599,0.0203164,-0.0005178,-0.0001884,-0.0002549,0.0211635,0.9504417,0.0117554,0.0049822,0.0000023,-0.0006837,0.0342498,0.9604346,0.0244948,0.0000022,0.0001189,-0.0040226,0.0283233,0.9706845
dr_epibolyT24hpftet3_Oblong_19	0.091305	0.09528	0.895145	0.9951701,0.0138785,-0.0009417,0.0000062,0.0000189,0.0050758,0.9665701,0.0192919,-0.0004976,-0.0001811,-0.0002447,0.0200959,0.9529665,0.0111602,0.0047227,0.0000025,-0.0006681,0.0325286,0.9624489,0.0232442,0.0000021,0.0001158,-0.0038444,0.0268837,0.9721884
dr_epibolyT24hpftet3_Oblong_20	0.091322	0.095102	0.89534	0.9954093,0.0131979,-0.0009023,0.0000064,0.0000181,0.0048268,0.9682034,0.0183656,-0.0004788,-0.0001742,-0.0002353,0.0191307,0.9552465,0.0106224,0.0044889,0.0000027,-0.0006521,0.0309719,0.9642682,0.0221151,0.0000019,0.0001127,-0.0036808,0.0255833,0.9735456
dr_epibolyT24hpftet3_Dome_1	0.085368	0.123841	0.864601	0.9292,0.1632,0.0136,0,0.0001,0.061,0.5729,0.1584,0.0127,0.0066,0.0085,0.2014,0.5385,0.1015,0.064,0.0012,0.059,0.2579,0.6127,0.2141,0,0.0035,0.0317,0.2732,0.7152
dr_epibolyT24hpftet3_Dome_2	0.088034	0.109834	0.879563	0.9621837,0.0954541,0.0019918,-0.0002737,-0.0000403,0.0355996,0.744753,0.1079563,0.0036729,0.0014316,0.0021651,0.1367133,0.7159543,0.0642275,0.0357973,-0.0000075,0.0235364,0.1727714,0.7610216,0.1304674,0.0000082,-0.0004588,0.0013791,0.171407,0.832339
dr_epibolyT24hpftet3_Dome_3	0.08914	0.104295	0.885498	0.9741824,0.0672746,-0.0001258,-0.0002058,-0.0000225,0.02507,0.8186332,0.0801211,0.0015588,0.0004221,0.0008092,0.1013372,0.7959656,0.0466062,0.0247853,-0.0001117,0.0133674,0.1277898,0.8283135,0.0932257,0.000016,-0.0006144,-0.0037149,0.1237657,0.8815848
dr_epibolyT24hpftet3_Dome_4	0.089731	0.101337	0.888673	0.9803979,0.0519131,-0.0007063,-0.0001557,-0.0000109,0.0193376,0.8594495,0.0634491,0.0007822,0.0000979,0.0003394,0.0802018,0.8409911,0.0365119,0.0189451,-0.0001172,0.0089676,0.1010709,0.8662109,0.0724341,0.0000166,-0.0005337,-0.0047776,0.0966799,0.90853
dr_epibolyT24hpftet3_Dome_5	0.090097	0.099499	0.890649	0.9842006,0.0422553,-0.0008774,-0.000123,-0.0000047,0.0157361,0.885298,0.0524551,0.000425,-0.0000319,0.0001348,0.0662813,0.8697875,0.0299952,0.0153298,-0.0001078,0.0066126,0.0835062,0.8904506,0.0592014,0.0000157,-0.0004487,-0.0048496,0.079276,0.925502
dr_epibolyT24hpftet3_Dome_6	0.090345	0.098246	0.891997	0.9867674,0.0356245,-0.0009115,-0.0001008,-0.0000013,0.0132645,0.9031262,0.0446852,0.000237,-0.0000896,0.0000334,0.05645,0.8897715,0.0254464,0.0128723,-0.0000969,0.0051788,0.0711115,0.9072713,0.0500482,0.0000144,-0.0003809,-0.0046384,0.0671661,0.9371675
dr_epibolyT24hpftet3_Dome_7	0.090525	0.097337	0.892974	0.9886166,0.0307914,-0.0008947,-0.000085,0.0000007,0.0114636,0.9161623,0.0389102,0.000129,-0.0001162,-0.000021,0.0491464,0.9044456,0.0220929,0.0110934,-0.000087,0.0042272,0.0619073,0.9196215,0.0433426,0.0000131,-0.0003285,-0.0043528,0.0582588,0.9456768
dr_epibolyT24hpftet3_Dome_8	0.090661	0.096648	0.893716	0.9900122,0.0271124,-0.0008587,-0.0000733,0.0000019,0.010093,0.9261083,0.0344523,0.0000631,-0.000128,-0.0000516,0.0435103,0.9156756,0.0195191,0.0097464,-0.0000785,0.0035555,0.0548062,0.9290722,0.0382199,0.000012,-0.0002876,-0.0040617,0.051434,0.9521574
dr_epibolyT24hpftet3_Dome_9	0.090767	0.096107	0.894298	0.991103,0.0242185,-0.0008164,-0.0000643,0.0000026,0.009015,0.9339458,0.0309083,0.000021,-0.0001321,-0.0000692,0.0390308,0.9245457,0.0174818,0.0086909,-0.0000714,0.0030591,0.049163,0.9365362,0.0341791,0.0000111,-0.0002551,-0.0037883,0.0460388,0.9572572
dr_epibolyT24hpftet3_Dome_10	0.090852	0.095672	0.894768	0.991979,0.0218826,-0.0007735,-0.0000572,0.0000031,0.008145,0.9402809,0.028024,-0.0000067,-0.0001322,-0.0000793,0.0353857,0.9317285,0.0158291,0.0078417,-0.0000653,0.0026789,0.0445714,0.94258,0.0309105,0.0000102,-0.0002289,-0.0035393,0.041667,0.961375
dr_epibolyT24hpftet3_Dome_11	0.090923	0.095314	0.895153	0.9926979,0.0199575,-0.0007323,-0.0000515,0.0000033,0.0074281,0.9455075,0.0256312,-0.0000254,-0.0001302,-0.0000848,0.0323622,0.9376634,0.0144617,0.0071436,-0.0000602,0.0023793,0.040763,0.9475735,0.0282122,0.0000095,-0.0002073,-0.0033152,0.0380528,0.9647692
dr_epibolyT24hpftet3_Dome_12	0.090981	0.095014	0.895476	0.9932986,0.0183437,-0.0006937,-0.0000468,0.0000035,0.0068272,0.9498932,0.0236142,-0.0000382,-0.000127,-0.0000875,0.0298141,0.9426494,0.0133116,0.0065596,-0.0000557,0.0021377,0.0375534,0.9517683,0.0259469,0.0000088,-0.0001893,-0.0031142,0.0350152,0.9676153
dr_epibolyT24hpftet3_Dome_13	0.091031	0.09476	0.89575	0.9938079,0.0169713,-0.0006579,-0.0000428,0.0000035,0.0063162,0.9536256,0.0218912,-0.0000469,-0.0001233,-0.0000885,0.0276374,0.9468972,0.0123309,0.0060639,-0.0000519,0.001939,0.0348118,0.9553419,0.0240183,0.0000083,-0.0001741,-0.0029338,0.0324264,0.970036
dr_epibolyT24hpftet3_Dome_14	0.091074	0.094541	0.895986	0.9942453,0.01579,-0.000625,-0.0000395,0.0000036,0.0058764,0.9568407,0.0204023,-0.000053,-0.0001193,-0.0000884,0.0257567,0.9505593,0.0114847,0.0056378,-0.0000485,0.0017731,0.032443,0.9584226,0.0223564,0.0000078,-0.0001611,-0.0027717,0.0301939,0.97212
dr_epibolyT24hpftet3_Dome_15	0.091111	0.094351	0.896191	0.994625,0.0147623,-0.0005948,-0.0000366,0.0000035,0.0054938,0.959639,0.0191028,-0.0000571,-0.0001152,-0.0000875,0.0241154,0.9537491,0.0107471,0.0052677,-0.0000455,0.0016325,0.0303757,0.9611059,0.0209095,0.0000073,-0.0001498,-0.0026255,0.0282489,0.9739331
dr_epibolyT24hpftet3_Dome_16	0.091143	0.094184	0.896371	0.9949576,0.0138603,-0.000567,-0.0000341,0.0000035,0.005158,0.9620965,0.0179588,-0.0000598,-0.0001113,-0.0000862,0.0226706,0.9565523,0.0100985,0.0049432,-0.0000429,0.001512,0.028556,0.9634639,0.0196385,0.0000069,-0.00014,-0.0024932,0.0265392,0.9755247
dr_epibolyT24hpftet3_Dome_17	0.091172	0.094036	0.89653	0.9952515,0.0130621,-0.0005415,-0.000032,0.0000035,0.0048609,0.964272,0.016944,-0.0000615,-0.0001074,-0.0000845,0.021389,0.9590353,0.0095237,0.0046563,-0.0000406,0.0014076,0.0269418,0.9655524,0.0185132,0.0000066,-0.0001314,-0.002373,0.0250246,0.9769332
dr_epibolyT24hpftet3_Dome_18	0.091197	0.093905	0.896672	0.995513,0.0123509,-0.0005181,-0.00003,0.0000034,0.0045961,0.9662114,0.0160377,-0.0000625,-0.0001037,-0.0000827,0.0202445,0.9612498,0.0090108,0.0044009,-0.0000384,0.0013164,0.0255003,0.9674151,0.0175097,0.0000063,-0.0001237,-0.0022636,0.0236735,0.9781885
dr_epibolyT24hpftet3_Dome_19	0.09122	0.093787	0.896799	0.9957473,0.0117131,-0.0004964,-0.0000283,0.0000033,0.0043587,0.9679511,0.0152234,-0.000063,-0.0001001,-0.0000809,0.0192162,0.9632372,0.0085503,0.004172,-0.0000365,0.0012361,0.0242051,0.9690868,0.0166095,0.000006,-0.0001169,-0.0021634,0.0224607,0.9793141
dr_epibolyT24hpftet3_Dome_20	0.091241	0.093681	0.896913	0.9959582,0.0111379,-0.0004764,-0.0000268,0.0000033,0.0041446,0.9695204,0.0144877,-0.0000631,-0.0000968,-0.0000789,0.0182872,0.9650308,0.0081346,0.0039658,-0.0000348,0.0011648,0.023035,0.9705953,0.0157973,0.0000057,-0.0001108,-0.0020715,0.0213662,0.9803293
dr_epibolyT24hpftet3_1OD_1	0.084323	0.133159	0.854578	0.9262,0.1794,0.0146,0,0.0002,0.065,0.5615,0.1752,0.015,0.0077,0.0077,0.2027,0.4949,0.1065,0.0684,0.001,0.0543,0.2774,0.5925,0.2454,0,0.0022,0.038,0.286,0.6782
dr_epibolyT24hpftet3_1OD_2	0.087596	0.115771	0.873114	0.9602884,0.1057574,0.0009966,-0.0003042,0.0000288,0.0382469,0.7347591,0.1231389,0.0041926,0.0014873,0.0013767,0.1421891,0.681118,0.0693953,0.0386799,0.0000194,0.0182645,0.1931593,0.7420519,0.1536703,0.0000165,-0.0009139,0.0016421,0.184668,0.8060768
dr_epibolyT24hpftet3_1OD_3	0.088889	0.108595	0.880811	0.9728118,0.0747802,-0.0012935,-0.0002131,0.0000397,0.0270257,0.8105857,0.0924389,0.0016478,0.0003071,0.0001451,0.1066776,0.7686472,0.0509476,0.0268692,-0.0000363,0.008732,0.1450329,0.8128213,0.1109267,0.0000183,-0.0007365,-0.0047877,0.1347999,0.8618175
dr_epibolyT24hpftet3_1OD_4	0.089563	0.104699	0.885002	0.9793266,0.0578075,-0.0018033,-0.000152,0.0000439,0.0208844,0.8528141,0.073639,0.000729,-0.0000524,-0.0002206,0.0849583,0.8187459,0.0401619,0.0205693,-0.000033,0.0049755,0.115619,0.8533634,0.0866445,0.0000158,-0.0005255,-0.0061719,0.1059008,0.8927643
dr_epibolyT24hpftet3_1OD_5	0.089973	0.102256	0.887634	0.9833219,0.0471055,-0.0018704,-0.0001144,0.0000436,0.0170144,0.8796787,0.0611005,0.000318,-0.0001848,-0.0003457,0.070481,0.851085,0.033121,0.0166585,-0.0000253,0.0031433,0.0959921,0.8795368,0.0710458,0.0000133,-0.0003844,-0.006284,0.0871414,0.9124121
dr_epibolyT24hpftet3_1OD_6	0.090249	0.100582	0.88944	0.9860227,0.0397441,-0.0018066,-0.00009,0.0000417,0.0143534,0.8982621,0.0521775,0.0001095,-0.0002359,-0.0003863,0.0601817,0.8736591,0.0281717,0.0139959,-0.000019,0.0021239,0.0820139,0.8978062,0.060193,0.0000113,-0.0002914,-0.0060245,0.074005,0.9259845
dr_epibolyT24hpftet3_1OD_7	0.090446	0.099364	0.890756	0.9879705,0.0343712,-0.0017047,-0.0000734,0.0000394,0.0124117,0.9118783,0.0455144,-0.0000049,-0.0002534,-0.000393,0.0524925,0.8903021,0.0245055,0.0120665,-0.0000143,0.0015036,0.0715685,0.9112744,0.0522106,0.0000097,-0.0002281,-0.0056636,0.0643005,0.935919
dr_epibolyT24hpftet3_1OD_8	0.090595	0.098435	0.891755	0.9894418,0.0302773,-0.0015963,-0.0000614,0.0000369,0.0109325,0.9222826,0.0403535,-0.0000709,-0.0002559,-0.0003853,0.0465377,0.9030765,0.0216817,0.0106043,-0.000011,0.0011012,0.0634731,0.9216112,0.0460946,0.0000085,-0.0001833,-0.0052922,0.0568413,0.9435042
dr_epibolyT24hpftet3_1OD_9	0.09071	0.097709	0.892544	0.9905923,0.0270545,-0.0014925,-0.0000525,0.0000346,0.0097682,0.9304909,0.0362401,-0.00011,-0.0002514,-0.0003716,0.0417921,0.9131893,0.0194405,0.0094581,-0.0000085,0.0008269,0.0570175,0.9297935,0.0412597,0.0000075,-0.0001507,-0.0049414,0.0509302,0.9494849
dr_epibolyT24hpftet3_1OD_10	0.090803	0.097121	0.893179	0.9915168,0.0244516,-0.0013968,-0.0000457,0.0000325,0.008828,0.9371317,0.0328856,-0.0001333,-0.0002436,-0.0003557,0.0379224,0.921393,0.0176186,0.0085354,-0.0000066,0.0006328,0.0517508,0.9364307,0.0373419,0.0000067,-0.0001261,-0.0046207,0.0461313,0.9543211
dr_epibolyT24hpftet3_1OD_11	0.090879	0.096637	0.893702	0.9922758,0.0223055,-0.0013101,-0.0000403,0.0000305,0.0080528,0.9426147,0.0300982,-0.0001471,-0.0002345,-0.0003394,0.0347071,0.9281811,0.0161086,0.0077766,-0.0000052,0.0004912,0.0473728,0.9419223,0.034103,0.0000061,-0.0001072,-0.0043313,0.0421579,0.9583127
dr_epibolyT24hpftet3_1OD_12	0.090942	0.096232	0.894141	0.9929101,0.0205056,-0.001232,-0.0000359,0.0000288,0.0074028,0.9472184,0.0277456,-0.0001548,-0.000225,-0.0003234,0.0319935,0.9338908,0.0148367,0.0071417,-0.0000041,0.0003852,0.0436766,0.9465412,0.0313809,0.0000055,-0.0000923,-0.0040712,0.0388142,0.9616629
dr_epibolyT24hpftet3_1OD_13	0.090995	0.095887	0.894514	0.9934481,0.0189745,-0.0011616,-0.0000324,0.0000272,0.0068498,0.9511385,0.0257336,-0.0001586,-0.0002155,-0.0003082,0.0296729,0.93876,0.0137509,0.0066026,-0.0000032,0.0003042,0.0405147,0.9504799,0.0290609,0.0000051,-0.0000804,-0.0038375,0.0359615,0.9645148
dr_epibolyT24hpftet3_1OD_14	0.091041	0.095591	0.894835	0.9939103,0.0176561,-0.0010982,-0.0000294,0.0000258,0.0063737,0.9545166,0.0239933,-0.0001599,-0.0002064,-0.0002939,0.0276657,0.9429614,0.012813,0.0061392,-0.0000025,0.0002413,0.0377791,0.9538784,0.0270603,0.0000047,-0.0000707,-0.0036271,0.0334992,0.9669719
dr_epibolyT24hpftet3_1OD_15	0.091081	0.095333	0.895114	0.9943115,0.0165089,-0.0010409,-0.0000269,0.0000245,0.0059595,0.957458,0.0224732,-0.0001596,-0.0001977,-0.0002806,0.0259126,0.9466235,0.0119949,0.0057366,-0.000002,0.0001916,0.0353891,0.9568405,0.0253172,0.0000043,-0.0000628,-0.0034371,0.0313523,0.9691109
dr_epibolyT24hpftet3_1OD_16	0.091116	0.095107	0.895359	0.9946631,0.0155018,-0.0009889,-0.0000248,0.0000233,0.0055958,0.9600421,0.0211341,-0.0001581,-0.0001896,-0.0002683,0.0243682,0.949844,0.0112749,0.0053835,-0.0000015,0.0001518,0.0332833,0.9594452,0.023785,0.0000041,-0.0000561,-0.0032651,0.0294639,0.9709897
dr_epibolyT24hpftet3_1OD_17	0.091146	0.094907	0.895576	0.9949738,0.0146104,-0.0009417,-0.000023,0.0000222,0.005274,0.9623303,0.0199454,-0.0001559,-0.0001819,-0.0002568,0.0229974,0.952698,0.0106364,0.0050713,-0.0000012,0.0001197,0.0314139,0.9617536,0.0224277,0.0000038,-0.0000505,-0.0031087,0.0277899,0.9726531
dr_epibolyT24hpftet3_1OD_18	0.091173	0.094728	0.895769	0.9952503,0.013816,-0.0008986,-0.0000214,0.0000212,0.0049871,0.9643707,0.0188833,-0.0001532,-0.0001748,-0.0002462,0.0217725,0.9552449,0.0100663,0.0047934,-0.0000009,0.0000935,0.0297431,0.9638134,0.0212168,0.0000036,-0.0000457,-0.0029661,0.0262959,0.9741361
dr_epibolyT24hpftet3_1OD_19	0.091198	0.094568	0.895942	0.995498,0.0131035,-0.0008591,-0.00002,0.0000203,0.0047299,0.9662014,0.0179284,-0.0001502,-0.0001681,-0.0002364,0.0206714,0.9575315,0.0095542,0.0045444,-0.0000006,0.000072,0.0282409,0.9656627,0.02013,0.0000034,-0.0000416,-0.0028355,0.0249542,0.9754666
dr_epibolyT24hpftet3_1OD_20	0.09122	0.094424	0.896098	0.9957211,0.0124608,-0.0008228,-0.0000188,0.0000195,0.0044979,0.9678532,0.0170654,-0.000147,-0.0001618,-0.0002272,0.0196762,0.9595959,0.0090916,0.0043199,-0.0000004,0.0000541,0.0268831,0.9673322,0.0191491,0.0000032,-0.0000381,-0.0027157,0.0237428,0.9766669
dr_epibolyT24hpftet123_1K_1	0.093001	0.099118	0.890719	0.9465,0.129,0,0,0,0.0478,0.5161,0.1765,0.0069,0,0.0038,0.2419,0.451,0.0724,0.008,0.0019,0.1129,0.3137,0.5793,0.1922,0,0,0.0588,0.3414,0.7998
dr_epibolyT24hpftet123_1K_2	0.092307	0.096783	0.893375	0.9717331,0.0778175,-0.0063468,0.0001926,-0.000004,0.0286506,0.7003671,0.1313163,0.0000417,-0.0001022,-0.0008123,0.177841,0.6450373,0.0522109,0.0011934,0.0003427,0.0518006,0.2213727,0.7366869,0.1187101,0.0000868,-0.0078856,0.0086253,0.2108678,0.8802027
dr_epibolyT24hpftet123_1K_3	0.092107	0.095491	0.894821	0.9807621,0.0555518,-0.0062417,0.0002411,-0.0000103,0.020404,0.7839237,0.1005635,-0.0012453,-0.0000161,-0.0014065,0.135658,0.7397727,0.0397005,-0.0001575,0.0001485,0.0317126,0.1670583,0.8097095,0.085344,0.0000927,-0.0068882,-0.0011482,0.151594,0.9148399
dr_epibolyT24hpftet123_1K_4	0.092003	0.094707	0.895698	0.9854145,0.0431661,-0.0055449,0.0002373,-0.0000124,0.015835,0.8312035,0.0809306,-0.0015115,0.0000238,-0.001427,0.1089604,0.7949562,0.031855,-0.0005372,0.0000945,0.0223651,0.1335328,0.8512365,0.0665357,0.0000838,-0.0057278,-0.0038705,0.1181824,0.93399
dr_epibolyT24hpftet123_1K_5	0.091937	0.094185	0.896279	0.9882535,0.0352889,-0.0048818,0.0002212,-0.0000127,0.0129355,0.8615537,0.0675663,-0.0015156,0.0000413,-0.0013339,0.0908614,0.8309335,0.0265521,-0.0006486,0.0000715,0.0171036,0.1110476,0.8779437,0.0544977,0.000074,-0.0048343,-0.0046621,0.0967985,0.9461224
dr_epibolyT24hpftet123_1K_6	0.091892	0.093813	0.896694	0.9901669,0.0298402,-0.0043274,0.0002033,-0.0000124,0.0109326,0.8826703,0.0579386,-0.0014441,0.0000487,-0.0012234,0.0778539,0.8562085,0.022746,-0.0006687,0.0000589,0.0137747,0.0949833,0.896542,0.0461401,0.0000656,-0.0041615,-0.0047997,0.0819527,0.9544923
dr_epibolyT24hpftet123_1K_7	0.091859	0.093536	0.897003	0.9915441,0.0258479,-0.003873,0.0001866,-0.0000118,0.0094664,0.8982052,0.0506903,-0.0013535,0.0000513,-0.0011193,0.0680764,0.874926,0.0198869,-0.0006545,0.0000508,0.0114961,0.0829532,0.9102311,0.0400015,0.0000586,-0.0036451,-0.0046937,0.0710488,0.9606135
dr_epibolyT24hpftet123_1K_8	0.091833	0.093321	0.897243	0.9925828,0.0227971,-0.0034988,0.0001718,-0.0000111,0.0083468,0.9101111,0.0450431,-0.0012627,0.0000516,-0.0010269,0.0604673,0.8893401,0.0176628,-0.0006275,0.0000449,0.0098464,0.0736151,0.9207253,0.0353028,0.0000528,-0.003239,-0.004497,0.0627026,0.9652843
dr_epibolyT24hpftet123_1K_9	0.091813	0.09315	0.897433	0.9933942,0.0203902,-0.0031874,0.0001587,-0.0000105,0.0074639,0.9195256,0.0405223,-0.0011778,0.0000507,-0.0009462,0.0543809,0.9007798,0.0158842,-0.0005965,0.0000405,0.0086004,0.0661599,0.9290252,0.031591,0.000048,-0.0029125,-0.0042722,0.0561096,0.9689653
dr_epibolyT24hpftet123_1K_10	0.091797	0.09301	0.897589	0.9940455,0.0184428,-0.0029251,0.0001473,-0.0000099,0.0067498,0.9271562,0.0368229,-0.0011007,0.0000493,-0.0008759,0.0494036,0.9100784,0.01443,-0.0005651,0.000037,0.0076283,0.0600718,0.9357531,0.0285849,0.000044,-0.0026447,-0.0040459,0.0507702,0.9719408
dr_epibolyT24hpftet123_1K_11	0.091783	0.092894	0.897719	0.9945799,0.0168348,-0.0027017,0.0001373,-0.0000093,0.0061604,0.9334657,0.0337405,-0.0010313,0.0000476,-0.0008146,0.0452585,0.9177851,0.013219,-0.000535,0.0000341,0.0068497,0.0550074,0.9413169,0.0261009,0.0000405,-0.0024214,-0.0038293,0.0463581,0.9743959
dr_epibolyT24hpftet123_1K_12	0.091772	0.092796	0.897828	0.9950263,0.0154847,-0.0025093,0.0001285,-0.0000088,0.0056657,0.9387698,0.031133,-0.0009691,0.0000458,-0.0007609,0.0417535,0.924276,0.0121951,-0.0005069,0.0000316,0.0062128,0.050729,0.9459943,0.0240139,0.0000376,-0.0022324,-0.0036269,0.0426511,0.976456
dr_epibolyT24hpftet123_1K_13	0.091762	0.092712	0.897921	0.9954047,0.014335,-0.002342,0.0001206,-0.0000084,0.0052445,0.9432909,0.0288987,-0.0009133,0.000044,-0.0007135,0.0387514,0.9298177,0.0113181,-0.0004809,0.0000295,0.0056826,0.0470671,0.9499814,0.0222358,0.000035,-0.0020706,-0.0034398,0.0394929,0.9782094
dr_epibolyT24hpftet123_1K_14	0.091753	0.092639	0.898002	0.9957296,0.0133441,-0.0021954,0.0001137,-0.0000079,0.0048816,0.9471905,0.0269631,-0.0008631,0.0000423,-0.0006714,0.0361512,0.9346041,0.0105587,-0.0004569,0.0000277,0.0052345,0.0438976,0.9534206,0.0207028,0.0000328,-0.0019305,-0.0032678,0.03677,0.9797198
dr_epibolyT24hpftet123_1K_15	0.091746	0.092576	0.898073	0.9960116,0.0124814,-0.0020658,0.0001075,-0.0000076,0.0045656,0.9505885,0.0252701,-0.0008178,0.0000406,-0.0006339,0.0338776,0.9387796,0.0098946,-0.0004349,0.0000261,0.0048511,0.0411276,0.9564174,0.0193674,0.0000308,-0.001808,-0.0031099,0.0343982,0.9810344
dr_epibolyT24hpftet123_1K_16	0.091739	0.09252	0.898135	0.9962587,0.0117235,-0.0019505,0.0001019,-0.0000072,0.0042881,0.9535757,0.0237769,-0.0007768,0.0000391,-0.0006003,0.0318727,0.9424541,0.009309,-0.0004147,0.0000247,0.0045194,0.038686,0.959052,0.0181938,0.0000291,-0.0017001,-0.002965,0.0323138,0.982189
dr_epibolyT24hpftet123_1K_17	0.091733	0.09247	0.89819	0.9964769,0.0110523,-0.0018473,0.0000969,-0.0000069,0.0040424,0.9562224,0.0224501,-0.0007395,0.0000376,-0.0005699,0.0300915,0.9457127,0.0087887,-0.0003961,0.0000234,0.0042297,0.0365178,0.9613864,0.0171543,0.0000275,-0.0016042,-0.0028319,0.0304675,0.9832111
dr_epibolyT24hpftet123_1K_18	0.091728	0.092426	0.89824	0.9966711,0.0104538,-0.0017544,0.0000923,-0.0000066,0.0038232,0.9585836,0.0212633,-0.0007056,0.0000362,-0.0005425,0.0284987,0.9486221,0.0083235,-0.000379,0.0000223,0.0039746,0.0345796,0.963469,0.0162272,0.0000261,-0.0015185,-0.0027094,0.0288208,0.9841223
dr_epibolyT24hpftet123_1K_19	0.091724	0.092386	0.898284	0.996845,0.0099168,-0.0016704,0.0000881,-0.0000063,0.0036267,0.9607032,0.0201957,-0.0006745,0.0000348,-0.0005175,0.0270659,0.9512357,0.007905,-0.0003633,0.0000212,0.0037482,0.0328366,0.9653385,0.0153951,0.0000248,-0.0014415,-0.0025964,0.0273428,0.9849396
dr_epibolyT24hpftet123_1K_20	0.091719	0.09235	0.898325	0.9970016,0.0094322,-0.0015939,0.0000843,-0.0000061,0.0034493,0.9626164,0.01923,-0.000646,0.0000336,-0.0004947,0.0257702,0.9535963,0.0075266,-0.0003487,0.0000203,0.003546,0.0312608,0.967026,0.0146442,0.0000237,-0.0013719,-0.0024919,0.0260091,0.985677
dr_epibolyT24hpftet123_Oblong_1	0.096485	0.097419	0.892177	0.9002,0.1752,0.0242,0,0,0.0862,0.4982,0.184,0.0097,0.0006,0.0125,0.2628,0.4189,0.0805,0.0068,0.0011,0.0584,0.3051,0.5228,0.2089,0,0.0055,0.0678,0.387,0.7838
dr_epibolyT24hpftet123_Oblong_2	0.093617	0.096038	0.894043	0.9457992,0.1069696,0.0058297,-0.0002595,-0.000003,0.0528876,0.6810268,0.1418458,0.0005984,0.0004361,0.0011344,0.2026122,0.6129808,0.0619364,-0.0010929,0.0002576,0.0080474,0.2327455,0.6891728,0.1344658,-0.0000804,0.0014041,0.0065938,0.2485441,0.8662482
dr_epibolyT24hpftet123_Oblong_3	0.092859	0.095051	0.89522	0.9627457,0.0767307,0.0016858,-0.0001534,-0.0000092,0.03801,0.7674127,0.1102435,-0.0013389,0.0004734,-0.0010025,0.1574641,0.7125387,0.0483017,-0.0023312,0.0003497,-0.0033934,0.1810211,0.7717136,0.0982641,-0.0001045,0.0018288,-0.0054933,0.1814697,0.90364
dr_epibolyT24hpftet123_Oblong_4	0.092519	0.094406	0.895971	0.9716109,0.0597785,0.000285,-0.0000895,-0.000012,0.0296427,0.8172019,0.0894294,-0.0018182,0.0004579,-0.0015298,0.1277298,0.7718573,0.0392757,-0.0024676,0.0003842,-0.0066612,0.1470026,0.8199777,0.0772785,-0.0001093,0.0019842,-0.0085777,0.1426478,0.9247716
dr_epibolyT24hpftet123_Oblong_5	0.092326	0.093959	0.896484	0.9770656,0.0489499,-0.000287,-0.0000537,-0.0000129,0.0242884,0.8494979,0.0750328,-0.0018937,0.0004262,-0.0016317,0.1071646,0.8110287,0.0330069,-0.002354,0.000383,-0.0075533,0.1234446,0.8514966,0.0636398,-0.0001064,0.0019681,-0.0092221,0.1174383,0.9383238
dr_epibolyT24hpftet123_Oblong_6	0.092202	0.093635	0.896855	0.9807612,0.0414384,-0.0005419,-0.0000326,-0.0000129,0.0205701,0.8721198,0.0645591,-0.0018404,0.0003925,-0.0015992,0.0922039,0.838775,0.0284328,-0.0021858,0.0003678,-0.0076243,0.1062841,0.87366,0.0540788,-0.0001008,0.0018852,-0.0090788,0.0997752,0.9477467
dr_epibolyT24hpftet123_Oblong_7	0.092116	0.093389	0.897135	0.9834307,0.0359237,-0.0006573,-0.0000195,-0.0000125,0.0178381,0.8888404,0.0566213,-0.0017463,0.0003611,-0.001523,0.0808659,0.8594409,0.0249588,-0.0020165,0.0003479,-0.0073911,0.0932643,0.8900832,0.0470091,-0.0000947,0.001781,-0.0086716,0.0867195,0.9546753
dr_epibolyT24hpftet123_Oblong_8	0.092053	0.093197	0.897354	0.9854495,0.0317035,-0.0007052,-0.000011,-0.000012,0.0157463,0.9016994,0.0504071,-0.0016428,0.0003331,-0.0014353,0.0719901,0.875423,0.0222346,-0.0018611,0.0003274,-0.0070498,0.0830627,0.9027356,0.0415712,-0.0000887,0.0016744,-0.0081897,0.0766796,0.9599834
dr_epibolyT24hpftet123_Oblong_9	0.092004	0.093043	0.89753	0.9870296,0.0283701,-0.0007188,-0.0000054,-0.0000115,0.0140933,0.9118947,0.0454142,-0.0015418,0.0003084,-0.0013483,0.0648587,0.8881482,0.0200431,-0.0017227,0.0003077,-0.0066805,0.0748601,0.9127802,0.0372592,-0.000083,0.0015726,-0.0077057,0.0687203,0.9641795
dr_epibolyT24hpftet123_Oblong_10	0.091966	0.092915	0.897673	0.9883002,0.0256708,-0.0007142,-0.0000015,-0.0000109,0.0127542,0.9201755,0.0413168,-0.0014476,0.0002868,-0.0012665,0.0590065,0.8985185,0.0182427,-0.0016005,0.0002894,-0.006317,0.0681247,0.9209468,0.0337568,-0.0000779,0.0014785,-0.0072475,0.0622563,0.9675796
dr_epibolyT24hpftet123_Oblong_11	0.091935	0.09281	0.897794	0.989344,0.0234403,-0.0007,0.0000013,-0.0000104,0.0116474,0.9270345,0.0378948,-0.0013614,0.0002677,-0.0011914,0.054119,0.9071313,0.0167379,-0.0014929,0.0002726,-0.0059733,0.0624967,0.9277166,0.0308557,-0.0000733,0.0013925,-0.0068244,0.0569027,0.9703905
dr_epibolyT24hpftet123_Oblong_12	0.091909	0.09272	0.897895	0.9902168,0.0215663,-0.0006809,0.0000032,-0.0000099,0.0107174,0.9328087,0.0349945,-0.0012832,0.0002508,-0.001123,0.0499768,0.914398,0.0154616,-0.0013977,0.0002574,-0.0056542,0.0577249,0.9334193,0.0284134,-0.0000691,0.0013144,-0.006438,0.0523963,0.9727531
dr_epibolyT24hpftet123_Oblong_13	0.091887	0.092643	0.897983	0.9909574,0.0199697,-0.0006595,0.0000046,-0.0000094,0.0099248,0.9377365,0.0325055,-0.0012123,0.0002359,-0.001061,0.0464219,0.9206111,0.0143656,-0.0013133,0.0002436,-0.0053606,0.0536281,0.9382886,0.0263291,-0.0000653,0.0012436,-0.0060866,0.0485509,0.9747666
dr_epibolyT24hpftet123_Oblong_14	0.091869	0.092576	0.898059	0.9915938,0.0185931,-0.0006372,0.0000056,-0.0000089,0.0092413,0.9419911,0.0303462,-0.001148,0.0002225,-0.0010047,0.043338,0.925984,0.0134144,-0.001238,0.000231,-0.0050913,0.0500731,0.9424946,0.0245296,-0.0000619,0.0011793,-0.0057674,0.045231,0.9765032
dr_epibolyT24hpftet123_Oblong_15	0.091853	0.092518	0.898125	0.9921465,0.0173941,-0.0006149,0.0000063,-0.0000085,0.0086459,0.9457017,0.0284554,-0.0010898,0.0002106,-0.0009537,0.0406376,0.9306762,0.0125811,-0.0011705,0.0002196,-0.0048445,0.0469591,0.9461642,0.0229602,-0.0000588,0.0011208,-0.005477,0.0423359,0.9780161
dr_epibolyT24hpftet123_Oblong_16	0.091839	0.092466	0.898183	0.9926309,0.0163403,-0.0005931,0.0000068,-0.0000082,0.0081226,0.9489663,0.026786,-0.0010367,0.0001998,-0.0009072,0.0382534,0.9348092,0.011845,-0.0011098,0.0002092,-0.0046184,0.0442092,0.9493938,0.0215795,-0.000056,0.0010675,-0.0052124,0.0397889,0.9793461
dr_epibolyT24hpftet123_Oblong_17	0.091827	0.09242	0.898235	0.9930591,0.0154069,-0.0005722,0.0000072,-0.0000078,0.007659,0.9518607,0.0253013,-0.0009884,0.0001901,-0.0008648,0.036133,0.9384775,0.0111902,-0.0010549,0.0001996,-0.0044108,0.041763,0.952258,0.0203553,-0.0000534,0.0010188,-0.0049707,0.0375309,0.9805244
dr_epibolyT24hpftet123_Oblong_18	0.091816	0.092379	0.898282	0.9934403,0.0145743,-0.0005521,0.0000075,-0.0000075,0.0072454,0.9544445,0.0239724,-0.0009441,0.0001812,-0.000826,0.0342351,0.9417551,0.0106039,-0.0010051,0.0001909,-0.0042198,0.039573,0.9548154,0.0192625,-0.000051,0.0009741,-0.0047493,0.0355154,0.9815755
dr_epibolyT24hpftet123_Oblong_19	0.091806	0.092342	0.898324	0.9937817,0.0138271,-0.0005331,0.0000076,-0.0000072,0.0068743,0.9567651,0.0227759,-0.0009035,0.0001731,-0.0007904,0.0325263,0.9447013,0.0100759,-0.0009597,0.0001829,-0.0040439,0.0376009,0.9571129,0.0182811,-0.0000489,0.000933,-0.004546,0.0337052,0.9825189
dr_epibolyT24hpftet123_Oblong_20	0.091797	0.092308	0.898362	0.9940894,0.0131528,-0.000515,0.0000077,-0.0000069,0.0065392,0.9588608,0.0216931,-0.0008661,0.0001657,-0.0007576,0.0309798,0.9473639,0.0095979,-0.0009181,0.0001755,-0.0038813,0.0358159,0.9591881,0.0173948,-0.0000469,0.0008952,-0.0043587,0.0320705,0.9833705
dr_epibolyT24hpftet123_Dome_1	0.098563	0.088584	0.90173	0.9126,0.1701,0.0222,0,0.0001,0.0751,0.4479,0.1956,0.0039,0.0003,0.0116,0.3056,0.3778,0.0674,0.0058,0.0006,0.066,0.3511,0.5518,0.1666,0,0.0104,0.0533,0.377,0.8272
dr_epibolyT24hpftet123_Dome_2	0.094707	0.09114	0.899326	0.95265,0.1067557,0.0030871,0.0001316,0.0000218,0.0473875,0.6333425,0.1636702,-0.0036438,0.0004275,-0.0003305,0.2547881,0.5669893,0.0532239,0.0001317,0.0005369,-0.0036854,0.2747651,0.7162232,0.1033071,-0.0002952,0.0088043,-0.0085225,0.2341241,0.8961086
dr_epibolyT24hpftet123_Dome_3	0.093569	0.091712	0.898821	0.9674503,0.077598,-0.000941,0.0002414,-0.0000038,0.0345194,0.7272171,0.1312737,-0.0046957,0.0004888,-0.002472,0.2041112,0.6718728,0.042006,-0.0009294,0.0008342,-0.0180384,0.2161459,0.7936473,0.0744559,-0.0003666,0.0091176,-0.0183623,0.1688429,0.9259855
dr_epibolyT24hpftet123_Dome_4	0.093039	0.091883	0.898692	0.9751878,0.0609148,-0.0020768,0.000267,-0.0000131,0.0271293,0.783183,0.1082649,-0.0045868,0.0004752,-0.0028776,0.1682365,0.7366631,0.034386,-0.0011597,0.0009016,-0.0209461,0.1766433,0.8380845,0.0581374,-0.0003671,0.0086168,-0.0195044,0.1318819,0.9425575
dr_epibolyT24hpftet123_Dome_5	0.092735	0.091935	0.898668	0.9799493,0.0501249,-0.002393,0.0002636,-0.0000165,0.0223399,0.820205,0.0917656,-0.0042458,0.0004423,-0.0028469,0.1425476,0.7803304,0.0290211,-0.001174,0.0008841,-0.0207949,0.1489342,0.866831,0.0476686,-0.0003473,0.007922,-0.018646,0.1081567,0.9530773
dr_epibolyT24hpftet123_Dome_6	0.092538	0.091946	0.898678	0.9831761,0.0425781,-0.0024284,0.0002509,-0.0000175,0.0189857,0.8464709,0.0795024,-0.0038832,0.000407,-0.0026952,0.1234694,0.811669,0.0250731,-0.0011244,0.0008389,-0.0197549,0.1285876,0.8869299,0.0403885,-0.0003229,0.0072407,-0.0173385,0.0916517,0.9603444
dr_epibolyT24hpftet123_Dome_7	0.092401	0.091941	0.898699	0.9855076,0.0370045,-0.0023597,0.0002357,-0.0000175,0.0165063,0.8660601,0.0700752,-0.0035508,0.0003741,-0.0025168,0.1088105,0.8352242,0.0220571,-0.0010572,0.0007869,-0.0184995,0.1130657,0.9017665,0.0350347,-0.000299,0.0066281,-0.0160125,0.0795109,0.9656641
dr_epibolyT24hpftet123_Dome_8	0.0923	0.09193	0.898722	0.9872713,0.0327203,-0.0022535,0.0002206,-0.0000171,0.0145991,0.8812259,0.0626195,-0.0032583,0.0003448,-0.0023423,0.0972215,0.8535632,0.019682,-0.0009884,0.0007358,-0.0172559,0.1008548,0.9131656,0.0309328,-0.0002771,0.0060917,-0.0147904,0.0702074,0.9697263
dr_epibolyT24hpftet123_Dome_9	0.092222	0.091916	0.898746	0.9886521,0.0293246,-0.0021369,0.0002064,-0.0000164,0.0130868,0.8933119,0.0565831,-0.003004,0.000319,-0.0021813,0.0878412,0.8682404,0.017765,-0.0009234,0.0006881,-0.0160997,0.0910066,0.9221966,0.02769,-0.0002575,0.0056251,-0.0136991,0.0628513,0.9729294
dr_epibolyT24hpftet123_Dome_10	0.092161	0.091902	0.898768	0.9897626,0.0265672,-0.0020215,0.0001934,-0.0000157,0.0118582,0.9031686,0.0515998,-0.0027829,0.0002964,-0.002036,0.0800988,0.8802502,0.0161863,-0.0008641,0.0006447,-0.0150505,0.0829004,0.9295275,0.0250622,-0.0002401,0.0052189,-0.0127343,0.0568896,0.9755198
dr_epibolyT24hpftet123_Dome_11	0.092111	0.091888	0.898789	0.990675,0.0242836,-0.001912,0.0001817,-0.000015,0.0108404,0.9113599,0.0474181,-0.0025899,0.0002765,-0.001906,0.0736029,0.8902576,0.0148639,-0.0008104,0.0006055,-0.0141073,0.0761139,0.9355967,0.0228897,-0.0002246,0.0048636,-0.0118826,0.0519603,0.9776579
dr_epibolyT24hpftet123_Dome_12	0.09207	0.091876	0.898808	0.9914381,0.0223613,-0.0018101,0.0001711,-0.0000143,0.0099835,0.9182748,0.0438601,-0.0024207,0.000259,-0.0017897,0.0680766,0.898724,0.0137405,-0.0007621,0.0005702,-0.0132615,0.0703505,0.9407039,0.0210637,-0.0002108,0.0045513,-0.0111291,0.0478168,0.9794527
dr_epibolyT24hpftet123_Dome_13	0.092035	0.091864	0.898825	0.9920857,0.020721,-0.0017163,0.0001616,-0.0000137,0.0092521,0.9241896,0.0407966,-0.0022713,0.0002435,-0.0016857,0.0633188,0.9059794,0.0127744,-0.0007187,0.0005384,-0.0125022,0.0653959,0.945061,0.0195073,-0.0001986,0.0042752,-0.0104599,0.044285,0.9809806
dr_epibolyT24hpftet123_Dome_14	0.092006	0.091853	0.898841	0.9926422,0.0193048,-0.0016302,0.000153,-0.0000131,0.0086205,0.9293067,0.0381316,-0.0021386,0.0002296,-0.0015923,0.0591804,0.912266,0.0119349,-0.0006796,0.0005097,-0.0118192,0.0610914,0.9488219,0.0181651,-0.0001876,0.0040295,-0.0098628,0.0412389,0.982297
dr_epibolyT24hpftet123_Dome_15	0.09198	0.091842	0.898854	0.9931256,0.0180698,-0.0015512,0.0001452,-0.0000125,0.0080696,0.933777,0.0357924,-0.0020202,0.0002172,-0.0015082,0.0555482,0.9177654,0.0111987,-0.0006443,0.0004837,-0.0112027,0.0573173,0.952101,0.0169956,-0.0001777,0.0038098,-0.0093277,0.0385848,0.983443
dr_epibolyT24hpftet123_Dome_16	0.091958	0.091833	0.898867	0.9935494,0.0169833,-0.0014789,0.0001381,-0.000012,0.0075848,0.9377159,0.0337229,-0.001914,0.000206,-0.0014321,0.0523349,0.9226166,0.0105478,-0.0006122,0.0004601,-0.0106443,0.0539814,0.9549853,0.0159676,-0.0001688,0.0036122,-0.0088457,0.0362516,0.9844497
dr_epibolyT24hpftet123_Dome_17	0.091939	0.091824	0.898878	0.9939239,0.01602,-0.0014124,0.0001316,-0.0000115,0.007155,0.9412127,0.0318791,-0.0018181,0.0001959,-0.0013631,0.0494722,0.9269278,0.0099683,-0.0005831,0.0004386,-0.0101368,0.0510119,0.9575421,0.0150568,-0.0001607,0.0034338,-0.0084098,0.0341844,0.985341
dr_epibolyT24hpftet123_Dome_18	0.091921	0.091816	0.898889	0.9942573,0.0151601,-0.0013513,0.0001258,-0.000011,0.0067713,0.9443379,0.030226,-0.0017312,0.0001868,-0.0013002,0.0469058,0.9307844,0.009449,-0.0005565,0.0004189,-0.0096738,0.0483515,0.9598241,0.0142442,-0.0001533,0.0032718,-0.0080138,0.0323402,0.9861357
dr_epibolyT24hpftet123_Dome_19	0.091906	0.091809	0.898899	0.9945561,0.0143878,-0.0012949,0.0001203,-0.0000106,0.0064267,0.9471478,0.0287356,-0.0016521,0.0001784,-0.0012427,0.0445921,0.9342545,0.0089811,-0.0005322,0.0004009,-0.0092501,0.0459544,0.9618734,0.0135149,-0.0001466,0.0031242,-0.0076527,0.0306848,0.9868487
dr_epibolyT24hpftet123_Dome_20	0.091892	0.091802	0.898908	0.9948253,0.0136903,-0.0012429,0.0001154,-0.0000102,0.0061154,0.9496876,0.0273851,-0.0015799,0.0001707,-0.0011899,0.0424955,0.9373935,0.0085573,-0.0005098,0.0003844,-0.008861,0.0437836,0.9637238,0.0128566,-0.0001404,0.0029892,-0.0073222,0.0291905,0.9874919
dr_epibolyT24hpftet123_1OD_1	0.096481	0.094101	0.895851	0.9095,0.1704,0.0218,0,0.0001,0.0783,0.4833,0.1875,0.0075,0.0004,0.0112,0.2751,0.4084,0.0754,0.0065,0.001,0.0646,0.3198,0.5379,0.1906,0,0.0067,0.0625,0.3792,0.8024
dr_epibolyT24hpftet123_1OD_2	0.093709	0.094104	0.896165	0.9510202,0.1046967,0.0040996,-0.0000971,0.0000414,0.0483171,0.6680798,0.1476362,-0.0008301,0.0003578,0.0004748,0.2161855,0.6019565,0.0579637,-0.0003777,0.0002967,0.0084159,0.2437839,0.7035147,0.1204579,-0.0001103,0.0026828,0.0025181,0.239449,0.8795206
dr_epibolyT24hpftet123_1OD_3	0.092942	0.093698	0.896701	0.966367,0.0753313,0.0003258,0.0000039,0.0000175,0.0348244,0.7568284,0.1156405,-0.0023941,0.0004112,-0.0014666,0.1692151,0.7030361,0.0451987,-0.001545,0.0004144,-0.0043474,0.1895654,0.7834865,0.0874143,-0.0001406,0.0030163,-0.0085734,0.1737053,0.9137021
dr_epibolyT24hpftet123_1OD_4	0.092589	0.093366	0.897107	0.9743815,0.0587917,-0.0008315,0.0000491,0.0000067,0.0272031,0.8083823,0.0941859,-0.0026542,0.0004039,-0.0018928,0.1377718,0.7637422,0.0367529,-0.0017392,0.0004513,-0.0079517,0.1539299,0.8297681,0.0684946,-0.0001443,0.00304,-0.0110315,0.1360843,0.9328339
dr_epibolyT24hpftet123_1OD_5	0.092386	0.093116	0.897405	0.9793088,0.0481963,-0.0012323,0.0000678,0.0000015,0.0223131,0.8419746,0.0792181,-0.0025858,0.0003784,-0.0019311,0.1158525,0.8040079,0.0308876,-0.001698,0.0004469,-0.0088996,0.1292581,0.8598278,0.0562795,-0.0001388,0.0029041,-0.0112563,0.1118028,0.9450386
dr_epibolyT24hpftet123_1OD_6	0.092254	0.092927	0.897629	0.9826455,0.0408327,-0.0013608,0.0000748,-0.0000013,0.0189112,0.8655736,0.0682732,-0.0024308,0.0003497,-0.0018543,0.0998319,0.8326099,0.026608,-0.0015959,0.0004271,-0.0089351,0.111288,0.8808939,0.0477516,-0.0001305,0.0027205,-0.0108143,0.0948543,0.9534959
dr_epibolyT24hpftet123_1OD_7	0.092162	0.092778	0.897803	0.9850551,0.0354192,-0.0013793,0.0000764,-0.0000028,0.0164085,0.8830525,0.0599502,-0.0022609,0.0003225,-0.0017455,0.0876526,0.8539548,0.0233575,-0.0014834,0.0004028,-0.0086367,0.0976548,0.8964681,0.0414636,-0.0001218,0.002533,-0.0101842,0.0823591,0.9597001
dr_epibolyT24hpftet123_1OD_8	0.092093	0.09266	0.897941	0.986877,0.0312722,-0.0013506,0.0000755,-0.0000037,0.0144904,0.8965151,0.0534187,-0.002099,0.0002979,-0.0016327,0.0780968,0.8704857,0.0208086,-0.001376,0.0003781,-0.008223,0.0869729,0.9084465,0.0366368,-0.0001135,0.0023569,-0.0095298,0.0727686,0.964445
dr_epibolyT24hpftet123_1OD_9	0.092041	0.092564	0.898054	0.9883028,0.027994,-0.0013022,0.0000734,-0.0000042,0.0129735,0.9072016,0.0481612,-0.0019514,0.0002761,-0.0015257,0.0704064,0.8836623,0.018758,-0.0012783,0.0003547,-0.0077827,0.0783842,0.9179439,0.0328154,-0.000106,0.0021969,-0.0089084,0.0651763,0.9681909
dr_epibolyT24hpftet123_1OD_10	0.091999	0.092483	0.898146	0.9894491,0.0253376,-0.0012465,0.0000707,-0.0000044,0.011744,0.9158895,0.0438406,-0.0018193,0.0002569,-0.0014277,0.064087,0.8944097,0.0170733,-0.0011909,0.0003331,-0.0073528,0.0713317,0.9256581,0.0297153,-0.0000992,0.0020534,-0.0083383,0.0590174,0.9712232
dr_epibolyT24hpftet123_1OD_11	0.091965	0.092416	0.898225	0.9903907,0.0231415,-0.0011893,0.0000679,-0.0000045,0.0107273,0.9230911,0.0402282,-0.0017016,0.0002399,-0.001339,0.0588039,0.903342,0.0156652,-0.0011132,0.0003135,-0.0069481,0.065439,0.9320476,0.0271499,-0.0000931,0.001925,-0.0078223,0.0539211,0.9737279
dr_epibolyT24hpftet123_1OD_12	0.091937	0.092359	0.898292	0.991178,0.0212956,-0.0011336,0.0000651,-0.0000045,0.0098725,0.9291575,0.0371636,-0.0015967,0.0002249,-0.0012592,0.0543226,0.9108827,0.0144709,-0.0010441,0.0002957,-0.0065735,0.0604426,0.9374264,0.024992,-0.0000876,0.0018102,-0.0073576,0.0496345,0.9758316
dr_epibolyT24hpftet123_1OD_13	0.091914	0.092308	0.898349	0.9918461,0.0197224,-0.0010807,0.0000623,-0.0000045,0.0091439,0.9343374,0.0345316,-0.0015031,0.0002116,-0.0011874,0.0504739,0.9173331,0.0134453,-0.0009824,0.0002796,-0.0062295,0.056153,0.9420167,0.0231517,-0.0000827,0.0017072,-0.0069393,0.0459789,0.9776235
dr_epibolyT24hpftet123_1OD_14	0.091893	0.092265	0.898399	0.99242,0.0183656,-0.001031,0.0000597,-0.0000044,0.0085154,0.9388117,0.0322468,-0.0014192,0.0001997,-0.0011226,0.0471331,0.9229136,0.0125551,-0.0009272,0.000265,-0.0059145,0.0524307,0.9459799,0.0215638,-0.0000782,0.0016147,-0.0065621,0.0428247,0.9791681
dr_epibolyT24hpftet123_1OD_15	0.091876	0.092227	0.898443	0.9929185,0.0171834,-0.0009846,0.0000572,-0.0000044,0.0079677,0.9427155,0.0302449,-0.0013437,0.000189,-0.0010642,0.0442062,0.9277888,0.0117753,-0.0008775,0.0002518,-0.0056263,0.0491702,0.9494362,0.0201796,-0.0000742,0.0015312,-0.0062212,0.0400752,0.9805133
dr_epibolyT24hpftet123_1OD_16	0.091861	0.092193	0.898481	0.9933555,0.0161441,-0.0009416,0.0000548,-0.0000043,0.0074862,0.9461511,0.0284766,-0.0012756,0.0001794,-0.0010112,0.0416209,0.9320844,0.0110865,-0.0008327,0.0002397,-0.0053624,0.0462908,0.952477,0.0189623,-0.0000706,0.0014555,-0.0059121,0.0376574,0.9816953
dr_epibolyT24hpftet123_1OD_17	0.091847	0.092163	0.898516	0.9937417,0.0152234,-0.0009016,0.0000527,-0.0000042,0.0070596,0.9491981,0.0269033,-0.0012138,0.0001707,-0.000963,0.0393207,0.935898,0.0104737,-0.0007922,0.0002287,-0.0051203,0.0437295,0.9551729,0.0178835,-0.0000673,0.0013868,-0.0056309,0.0355147,0.9827422
dr_epibolyT24hpftet123_1OD_18	0.091835	0.092136	0.898547	0.9940854,0.0144021,-0.0008645,0.0000506,-0.0000041,0.0066789,0.9519189,0.0254945,-0.0011575,0.0001627,-0.000919,0.0372611,0.9393062,0.009925,-0.0007552,0.0002186,-0.0048977,0.0414364,0.9575795,0.0169208,-0.0000643,0.001324,-0.0053743,0.0336026,0.9836758
dr_epibolyT24hpftet123_1OD_19	0.091825	0.092111	0.898575	0.9943933,0.0136648,-0.0008301,0.0000487,-0.0000039,0.0063372,0.9543631,0.0242257,-0.0011061,0.0001555,-0.0008787,0.0354063,0.9423705,0.0094308,-0.0007215,0.0002093,-0.0046927,0.0393716,0.9597409,0.0160564,-0.0000615,0.0012665,-0.0051392,0.0318858,0.9845136
dr_epibolyT24hpftet123_1OD_20	0.091815	0.092089	0.898601	0.9946708,0.0129993,-0.0007981,0.0000469,-0.0000038,0.0060288,0.9565709,0.023077,-0.001059,0.0001488,-0.0008417,0.0337271,0.9451404,0.0089835,-0.0006906,0.0002008,-0.0045034,0.0375025,0.9616928,0.015276,-0.000059,0.0012137,-0.0049233,0.0303359,0.9852696
