baseMean	log2FoldChange	lfcSE	stat	pvalue	padj
PRR9	923.657769139464	-12.9510536060354	1.37008350943981	-9.4527476002764	0.00000000000000000000330051083011751	0.00000000000000000889553678933271
TDGF1	772.749261544754	-12.6937069513465	1.9926808007978	-6.37016573164371	0.000000000188824047916201	0.000000046007568207273
RSPO3	658.535563665579	-12.4629918197843	1.97424675243459	-6.31278324475665	0.000000000274061229361256	0.0000000625974428283438
PDPN	418.00412978106	-11.8072440218505	1.3891876161396	-8.49938761667163	0.0000000000000000190593477295252	0.0000000000000256843770003082
LINC00261	302.602412490789	-11.3412345943421	1.42201082808461	-7.97549102324224	0.00000000000000151776188154221	0.00000000000157333531658945
MT1G	234.71459605251	-10.9744438378967	1.46170119143711	-7.50799404295959	0.0000000000000600402367452193	0.0000000000464904123108784
TTC4	231.020415473592	-10.951555037473	3.90691515357745	-2.80312077610515	0.00506107126228131	0.0719270023924166
GPRC5B	204.691984780448	-10.7773516929748	1.46788101527175	-7.34211532191494	0.000000000000210244114152446	0.00000000012318476879645
FNDC4	203.504450586019	-10.768905240291	1.49273355465031	-7.2142179739597	0.000000000000542448054241986	0.0000000002924011991586
KIF5A	189.947559385105	-10.6694726433467	1.5497183441757	-6.88478179499245	0.00000000000578761794107275	0.00000000223605569947793
DKK1	184.493905702672	-10.6271424933588	3.90695309333447	-2.72005888974953	0.00652702910534354	0.0819293438176957
MEG3	180.93574068704	-10.5991692169791	1.53961613182669	-6.88429342735167	0.00000000000580750589802074	0.00000000223605569947793
HNF1B	176.252664703137	-10.5615856637672	1.47549472575965	-7.15799621603501	0.000000000000818648142290314	0.000000000424311629442472
CEACAM6	173.549095582399	-10.5391016368095	1.51489378657238	-6.95699047037178	0.00000000000347618462576488	0.00000000146390825052523
NEFL	163.561316211249	-10.4537745560243	1.47269094834181	-7.0984170628568	0.00000000000126193879792482	0.000000000586409904856374
EBI3	160.720523333085	-10.4285337734758	1.53334469655148	-6.80116727630111	0.0000000000103774839298301	0.00000000358581983175361
GYPC	158.028861656454	-10.4040506659268	1.62628518624112	-6.39743309103978	0.000000000158010681842205	0.0000000401764518585953
MT1H	152.409330147321	-10.3514679721664	1.47682892677947	-7.00925326181138	0.00000000000239593413234292	0.00000000104153575378881
SLC3A1	148.303518523396	-10.3122069513991	2.62921655037075	-3.92215960680187	0.0000877588249812237	0.0040363069127883
SYT13	147.204689201692	-10.3016489018121	1.59203908194665	-6.47072613896883	0.0000000000975330654119872	0.000000025974713450122
BMP2	142.802092745451	-10.2579881535569	1.56637163074901	-6.54888530421847	0.0000000000579681290922236	0.0000000162745522426418
MAN1C1	137.35492875226	-10.2017367292143	1.51617633309135	-6.72859515516502	0.0000000000171308953981634	0.00000000536874293920117
ARHGEF37	134.807123753523	-10.1746221810233	1.50512368937303	-6.75999072558724	0.0000000000138000573801718	0.00000000453584325012671
NR1H4	134.730683870281	-10.1740098087309	1.49423494080263	-6.80884212442919	0.00000000000983873751881419	0.00000000348912702114579
NANOG	121.285445099079	-10.0221012004611	1.69091326023855	-5.92703448256548	0.00000000308454223539802	0.000000546938041634523
FOXA2	118.834906433482	-9.9927772409478	1.57962454463092	-6.32604581570528	0.000000000251523164062641	0.0000000584401061880715
SPP1	118.229857979965	-9.98527773524455	1.55898162546688	-6.40500027205527	0.000000000150369112693545	0.0000000389687338972734
LEFTY2	113.159638021603	-9.92188745826524	1.57444464650848	-6.30183314495574	0.000000000294145731309204	0.0000000660651312520473
LEFTY1	111.171903964689	-9.89614260145277	1.68938266027461	-5.85784549241445	0.00000000468910591036282	0.000000780128287012955
MT1E	102.98516480961	-9.78592599895387	1.53667215220072	-6.36825882797388	0.000000000191186095251357	0.000000046007568207273
SOX17	102.362858779676	-9.77758401406588	1.5580990591673	-6.27532887369264	0.000000000348896027415542	0.0000000770774240238006
CHST3	100.106298788574	-9.74536538993813	1.58467922495184	-6.1497401092226	0.000000000776100121037674	0.000000163417581735995
CDH2	93.0989922407595	-9.6405527496102	1.58228147233298	-6.09281781919356	0.00000000110940294090185	0.000000223139015396915
PRUNE2	91.4752739579523	-9.61533045718882	1.64316810787803	-5.85170221542699	0.00000000486567225296572	0.000000799631698548367
PNMA2	89.2992333194898	-9.58062291666005	1.74783433311326	-5.48142506137579	0.0000000421913433021505	0.00000526454205870167
TNFRSF1B	652.561718149976	-9.53735571920865	0.968117981882072	-9.85143949156644	0.0000000000000000000000675691982375397	0.000000000000000000303520838483028
RHOXF2	86.0276041107729	-9.5265092554678	1.62472949267036	-5.86344329837351	0.00000000453365711507409	0.000000780128287012955
CDH11	82.7596876122424	-9.47103989812058	1.62863552487539	-5.81532193880224	0.00000000605173014587113	0.000000959448417008934
CA4	82.1396966958842	-9.45983840988686	1.58904219297053	-5.9531700616475	0.00000000262997760054595	0.000000478940245202124
CPN1	81.6511863540408	-9.4513504829036	1.54639358081365	-6.11186608646596	0.000000000984728014417986	0.000000201063556398436
HABP2	76.2783524681367	-9.3533932465916	1.73030875690598	-5.40562093861023	0.0000000645842550951946	0.00000770210107666233
SALL1	76.1505207681643	-9.35051364121371	3.9072211274774	-2.39313653774457	0.0167050232518567	0.134237861265367
GPC4	67.7687673592618	-9.18228892779192	1.59147877535698	-5.7696584271017	0.00000000794323710711665	0.00000123038003741959
GCKR	67.7163547457932	-9.1811897245736	3.9072779649812	-2.34976620728282	0.0187852059817243	0.143390575281613
CEBPE	66.2884838332836	-9.15067964082755	1.61048179435468	-5.68195162025673	0.0000000133166334884837	0.00000186932242594589
FOXF2	65.9747091257525	-9.14349041015639	1.60051120932627	-5.71285621548711	0.0000000111095543141321	0.00000164519070260707
PTPRD	65.6531395088182	-9.13650020275402	3.90729411223775	-2.33831903621953	0.0193707042294497	0.145636335044599
CCDC80	62.6270462897293	-9.06848098191936	3.90731966922197	-2.32089558818337	0.020292479724074	0.149148197033213
TNFRSF8	62.3506952845197	-9.06194411155535	1.62100819604555	-5.59031356760685	0.0000000226659925575805	0.00000308532238086823
SOAT2	61.7784184995244	-9.04919537288196	1.72131270151321	-5.25714785287227	0.000000146306685029275	0.0000160295031500367
TM4SF1	61.314622425094	-9.03790418142145	3.90733155632441	-2.3130630332081	0.0207191737939147	0.150584329186665
VENTX	58.8858074116574	-8.97954970906473	1.69732430821595	-5.29041484034546	0.000000122039235722464	0.0000137292973370949
RTP3	58.4234448213173	-8.96811746058861	1.64284171680717	-5.45890536430861	0.0000000479079014131813	0.00000592299889398194
TMEM40	56.2830562551542	-8.91488436024982	1.81839956825565	-4.9025992503956	0.000000945768027817973	0.0000838498022557566
SLC1A6	54.4729247282588	-8.867027610127	1.7098017733698	-5.1859974344577	0.000000214861766467663	0.0000223982482138151
NES	54.184484917864	-8.85912649721916	1.87386778514773	-4.7277222904607	0.00000227052433976187	0.000179985800015476
PMEPA1	52.9780124213798	-8.82676700906012	1.80312519499546	-4.89526020353918	0.000000981757395913715	0.0000864716514204786
NGEF	52.2775173300659	-8.80786416930451	3.90742954137795	-2.25413256362863	0.0241878296365829	0.163059125654123
SLC2A1-AS1	51.8328295478763	-8.79564388628734	1.71279774356813	-5.13524957591555	0.000000281769847024775	0.0000281268922852287
LEMD1	51.7027844695603	-8.79240272606404	1.87088431283547	-4.69959722562346	0.00000260675097227874	0.00019959418240016
VCAN	539.940479038771	-8.78697038220368	0.928258602309999	-9.46608020689175	0.00000000000000000000290542311307609	0.00000000000000000889553678933271
DUSP9	50.5155660942504	-8.75873109379848	1.80188674700699	-4.860866593501	0.00000116872997500672	0.000101611646085101
ADD2	48.8493971098903	-8.7101403570205	1.68562953343797	-5.16729220996473	0.000000237509784063828	0.0000242475897730617
CRHBP	48.7154469517936	-8.70621051132351	1.68766584158964	-5.1587288767562	0.000000248632040318207	0.0000250042192188669
CDCA7L	47.9846562595535	-8.6837638780177	1.88769444958286	-4.60019569371336	0.00000422094218893053	0.000307467118583935
C5orf42	46.7848431724748	-8.64799330680854	1.87649540223755	-4.60858752784397	0.00000405413701115758	0.000298543991051145
CLVS2	46.3166581684699	-8.63373319421764	1.88405530230871	-4.58252641715872	0.00000459391651194432	0.000327553539232601
ALCAM	44.3070590824895	-8.56925179373101	3.90754910839201	-2.19299912964045	0.0283074417995792	0.177220401512859
CD22	44.2651759333888	-8.56833148062282	1.75826922013517	-4.87316241591498	0.00000109825860061017	0.0000961047591027443
ARSE	44.138051078192	-8.56361327711534	3.9075521798544	-2.19155442664733	0.028411695700688	0.177351573371701
CD44	43.9831239519316	-8.55851974902642	1.86629915056481	-4.58582416781163	0.00000452199054636241	0.000325873500549625
SLC47A1	42.1293177987782	-8.49634611493329	1.7889095607129	-4.74945536740684	0.00000203965204458519	0.000162641129898402
ANO3	42.0585324960742	-8.49442200977168	1.75102172903216	-4.85112312938961	0.00000122764299917355	0.000106049468313223
PLA1A	41.9227799574965	-8.4897379539306	1.79741339578374	-4.72330849088211	0.00000232038461344744	0.000182862590940454
LIMCH1	41.8114589523973	-8.4855555128633	1.88239871683057	-4.50784174308756	0.00000654903939085939	0.000445731590056672
FGA	41.0619264769847	-8.45988574440199	1.77418007339926	-4.76833545322894	0.00000185754300374044	0.000151710603141856
CXCL12	40.7874019737505	-8.45018172220763	1.89215858628173	-4.465895080609	0.0000079734681121327	0.000514117015689475
PPP1R26	40.4888988587049	-8.43929955106742	1.83354797080181	-4.60271543775151	0.00000417017830250697	0.000305420232633608
KLF17	40.4092408933232	-8.43640519997647	1.76776238257062	-4.7723637990919	0.00000182076235072444	0.000149613374624162
HPD	40.2440429151347	-8.43043322128108	3.90762832868911	-2.15742965096919	0.0309722029964765	0.183844616725364
KCNA4	40.202758266492	-8.42904532576787	3.90762915983414	-2.1570740162369	0.0309998978084159	0.183844616725364
SPATS1	39.7481375082842	-8.41299999637185	1.81988875456449	-4.62281003455353	0.00000378576385064061	0.000281861622382502
FMO5	38.543781074221	-8.36822401504424	3.9076663792222	-2.14148885880833	0.0322346359829981	0.1859559581501
GPX2	1783.08598968767	-8.36574266442469	0.799091780854197	-10.4690635855146	0.00000000000000000000000011982241011686	0.000000000000000000000807363399367402
SOX2	38.1664681430008	-8.35400091021146	3.90767531166331	-2.13784417688878	0.0325293921906091	0.186775057067219
LGI2	38.1325410548703	-8.35296146289094	1.90752628777243	-4.37894959374078	0.0000119252708244665	0.000723896169506807
FGG	37.6413801833387	-8.33436174503132	1.81583086182889	-4.58983373409406	0.00000443599216543936	0.000321394787212155
LRFN5	37.1104411242572	-8.3137737362592	2.0017090276102	-4.15333778365622	0.0000327660514239086	0.00176888545875694
KLK13	36.5487402519364	-8.29143610833373	3.90771566626245	-2.12181151763892	0.033853569059286	0.190564430957085
TM6SF2	35.8936800658892	-8.26584759115656	2.29217335659003	-3.60611799600241	0.000310811849406324	0.0111991991513359
TCTE1	34.4692614365644	-8.20734287913049	2.28141660137915	-3.59747661789128	0.000321319370884504	0.0115162229841478
SLMO2-ATP5E	34.4569453094421	-8.2062742977791	2.23212650690207	-3.67643781497333	0.000236513475083404	0.00934679058716703
HAPLN3	34.3635043776406	-8.20275826930595	1.96916427315149	-4.16560384582749	0.0000310529530213184	0.00168737739885196
GSC	33.5869341501881	-8.16935824993464	2.24570231391228	-3.63777433871128	0.000275004206166336	0.0103518343080937
ARHGEF15	33.2048347072483	-8.1530012004441	2.24494792941347	-3.63171060389547	0.000281548752844202	0.0104994718758572
CDH5	33.1503017569995	-8.15081051217798	1.86351520931244	-4.3738899856821	0.0000122051904476346	0.00073756567924809
FAM162B	32.9974707735496	-8.14449952937624	1.97039153211653	-4.13344221015184	0.0000357370184513307	0.00190352593142345
FRZB	190.077802032193	-8.12113734613945	1.35094365126086	-6.01145528058099	0.00000000183865234439936	0.00000035396684275894
NRG1	32.3062174388505	-8.11352032343438	2.25946747266568	-3.59089936969183	0.000329538861124626	0.0116981136494264
BCRP3	32.2574671355206	-8.11126974929555	1.88486895944591	-4.30336003394103	0.0000168227140486302	0.000989968971700177
THEM5	31.9648724715246	-8.0985966891787	2.00950284911532	-4.03014939378866	0.0000557414143880015	0.0027924583654004
VSNL1	31.5916038399332	-8.08123731946245	1.96262403054323	-4.11756770206552	0.0000382892066606005	0.00201556776936818
AP1S2	29.1574765411787	-7.96603759322397	2.32760230556952	-3.42242210972326	0.000620658775694811	0.0185866614694739
ZNF462	28.8903029893714	-7.95228859285177	2.31581184462131	-3.43390962928259	0.000594942511947132	0.018057309213963
GATA4	606.486951099696	-7.94293861255623	1.89381513938599	-4.19414675031666	0.0000273900625032367	0.00151273968153122
LGALS13	28.338853049368	-7.92467094441663	1.96705399696346	-4.02870025766955	0.0000560860735265224	0.00279931824756821
DDC	27.4233362700957	-7.87749481958373	2.41939944508895	-3.25597116076635	0.0011300522907698	0.0284115385642048
SBSN	27.3872137111239	-7.87508546452842	1.99260627695928	-3.95215329570566	0.0000774510966524304	0.00364940901569284
LOC151475	27.0955379110865	-7.85999056201889	1.9703130509666	-3.98920900319008	0.0000662939912635467	0.00320207106189088
HBZ	26.899995476464	-7.84985497103014	2.0597367183972	-3.81109629250993	0.000138351857518994	0.00603375285412934
PAEP	26.0677260483059	-7.80407831140183	1.97717205404833	-3.94709114739038	0.0000791064469216398	0.00370152249554173
LINC00086	25.6852643905361	-7.78268599345547	1.98275089916667	-3.92519604793846	0.0000866591311994154	0.00400696898137522
CXCR4	25.5335732539184	-7.77340858914312	2.11351865805255	-3.67794651801452	0.000235119242188523	0.00931902031686041
IL1RAP	25.0510089202155	-7.74687701078908	2.42797570936752	-3.19067319368162	0.00141941737484947	0.0332084523324158
PRDM14	24.7383407767849	-7.72867565881695	2.13185079569694	-3.62533610439201	0.000288585874547537	0.0106547486175414
C1orf110	24.5834402516957	-7.71913353901127	2.40771122247125	-3.20600471807763	0.00134591781599252	0.0321588448374382
AFF2	24.5277741361753	-7.71646671862413	2.45265781412813	-3.1461652229572	0.00165426524813093	0.03690873921161
DUOXA1	24.368480262202	-7.70721479107726	2.41599295233514	-3.19008165302302	0.00142232601348431	0.033218830775935
ZNF177	24.2894584268444	-7.70252402325983	2.40314493513026	-3.20518496852222	0.00134975711051168	0.0321934987986822
WDR11-AS1	24.1158979868004	-7.69177543332535	2.4212901150228	-3.17672607078435	0.00148947650073855	0.0342528759794416
ADPRH	23.8259583243983	-7.67433473060127	2.42913884701205	-3.15928203941123	0.00158158352367556	0.0358208732185746
SLC7A3	23.3689675081859	-7.64641668010404	2.44241363584657	-3.13068047437988	0.00174401802139841	0.0385917682370525
ALDH1A1	285.860432978231	-7.64025666775614	3.75018638484045	-2.03730051888639	0.0416199358800282	0.212853987066133
PRDM1	23.2505496197188	-7.63885750807809	2.10491052985492	-3.62906517865374	0.000284449421210659	0.0105598909097379
POU2F3	22.7879351709747	-7.61054968352504	2.13163632315118	-3.57028523152319	0.000356592722813376	0.0122587845220231
BCL2L15	22.6729166333721	-7.60267625486357	2.45478142636717	-3.09708887854621	0.00195431269596219	0.0414093048597272
BEND4	22.6661996747898	-7.60238452354884	2.46268210092128	-3.08703446567659	0.00202164155273026	0.0423417305431578
PDZRN3	22.195774941413	-7.57240245251192	2.54562232689425	-2.97467631883576	0.00293297846336795	0.0526997570297953
NPC1L1	22.0292119316346	-7.56162895570077	2.47855898560222	-3.05081662354044	0.00228219912240603	0.046109318401115
STARD9	22.0043541501352	-7.55997673005081	2.54515264413722	-2.97034315307778	0.00297467263659513	0.0529667502555482
APLNR	21.7286944169251	-7.54099685681796	2.1026142785826	-3.58648608716833	0.000335163937724992	0.0118237414261309
DOCK5	180.342050479938	-7.53948919091041	1.25672888959059	-5.99929646987473	0.00000000198174249174659	0.000000376140307306719
GDA	21.6212475436011	-7.5347456320624	2.18828357906108	-3.44322175798409	0.000574827754824124	0.0177091478279561
ZNF503	21.5597701678824	-7.5304360346575	2.10065891895954	-3.58479711612932	0.000337340337383552	0.011838537465054
TCP10L	21.4511239589163	-7.52333492897462	2.25481778772977	-3.33656004042322	0.000848221052501191	0.0234663135250474
EPHA7	21.3151461631057	-7.51350833051458	2.12665623419721	-3.53301497895867	0.000410849192921362	0.013670626478539
BTLA	21.1281760723422	-7.50110286025995	2.51713520784534	-2.98001586759453	0.00288233452549354	0.0522746780121271
KIF5C	20.8335537706324	-7.48098120186298	2.12290000646234	-3.52394421738662	0.000425173748952507	0.0140469075012454
IL6R	542.634138040453	-7.46875849827578	0.891105112414121	-8.38145623252226	0.0000000000000000522768415347946	0.0000000000000640438833202629
OR10V2P	20.1758298893225	-7.43472475769307	2.61481308415746	-2.84331021698581	0.00446475904559837	0.0662633181701362
ANKRD55	19.8431345896924	-7.41069432847855	2.15761846237557	-3.4346639397585	0.000593289084954681	0.0180477736091406
ZNF365	19.7941943239697	-7.40722861690412	2.20421621608156	-3.36048186328652	0.00077806639024767	0.022167489799107
PPY2	19.3553090358344	-7.37428310706671	2.55674782963794	-2.88424342110852	0.00392355340982813	0.0618407084805192
IFI16	116.368092459683	-7.34966957724584	1.3313495039191	-5.52046592995349	0.0000000338101946623653	0.00000438102099298111
IGSF1	19.0170320800733	-7.34911716246992	2.30313455724391	-3.190919583641	0.00141820748012026	0.0332084523324158
CCDC30	18.820950706278	-7.33456591326371	2.59796102785905	-2.82320090048004	0.00475467672309354	0.068970961808836
C3	18.5983969957155	-7.31688013979	2.58633417281362	-2.82905442641625	0.00466857586995323	0.0681873581530381
NR3C1	18.425580904942	-7.30319447455122	2.59193801226588	-2.81765784520701	0.00483753302031881	0.0697225614778784
SLC39A5	18.4159814778781	-7.30250566780441	2.59144384885953	-2.81792934507077	0.00483344447215922	0.0697225614778784
CNR2	18.4038617971627	-7.30200018603304	2.21284414344661	-3.29982579553019	0.000967448615723025	0.0258165099910564
TBC1D3B	18.1955414950105	-7.28580206889585	2.65904873154237	-2.74000321335583	0.00614385836941562	0.0799176017241746
SLC38A3	156.18070744395	-7.28020271337458	1.20769303881672	-6.02818968014226	0.0000000016580638874541	0.000000323827086193209
GNG2	18.0821574322861	-7.27679746475653	2.62805345063618	-2.76889249075014	0.00562471920733209	0.0757229930449622
MFSD4	17.8332196845923	-7.25601143031908	2.61644184165871	-2.77323627637719	0.00555018065292179	0.0754404551823969
ABAT	17.4576362094468	-7.2253196624263	2.25119477058341	-3.2095488834819	0.00132943438836575	0.0318780388213824
ACOX2	17.3224667960975	-7.21419836031225	2.63596963684153	-2.73682908159612	0.00620345143926527	0.0802281301300755
HOPX	1090.98437040338	-7.19436385666989	0.843754871078664	-8.52660423455991	0.0000000000000000150706379297386	0.0000000000000225657685267953
NAV2-AS4	17.0846259927487	-7.1939726688836	2.31457012657726	-3.1081247382735	0.00188278582891839	0.040401945589975
FNDC5	16.897834835983	-7.17812865992212	2.29335148386232	-3.12997319008125	0.00174822257654899	0.0386213892484822
CILP	16.7224365955466	-7.16393744952204	2.74587084499239	-2.60898558378549	0.00908110679917748	0.0990906843932921
AMZ1	16.6433507269982	-7.15689744838193	2.38573060347453	-2.999876615557	0.00270088990798562	0.0511915504922845
PCDH8	16.5797749988142	-7.15093759774822	2.27732279692919	-3.14006323890085	0.00168911368003927	0.0375618745085961
GPR64	16.486069043034	-7.14349064223438	2.68948283898913	-2.65608336988658	0.00790540677693506	0.0902824251915058
CNGA1	16.3931207996456	-7.13450109430378	2.68026038755066	-2.66186864807699	0.00777081960184117	0.0895804661714385
GSTA2	16.2625633108526	-7.12363883332308	2.73007217738941	-2.60932252719229	0.00907216907298387	0.0990733796009162
ELOVL7	16.0945380786331	-7.10892362324612	2.40026975064442	-2.96171862405779	0.00305927217676655	0.053820824874812
ANKRD34A	15.8701952256396	-7.08829873571067	2.30602898603273	-3.07381163838071	0.00211342824799767	0.0434694862365875
GPR111	15.8591976093254	-7.0875521427482	2.76427639559919	-2.56398099482085	0.0103479210560817	0.106449300879204
FLRT2	15.837794393141	-7.0857211160826	2.42740911773585	-2.91904692303857	0.00351103369454544	0.0581230944695124
PTCHD1	15.6327564038666	-7.06645637274259	2.7273632351019	-2.59094801960934	0.00957119471906417	0.102285027782798
RAB39B	15.4561477993931	-7.05005474396386	2.43943026182953	-2.89004152087399	0.00385190946681519	0.0609968648352544
ZSWIM5	15.4283258062656	-7.04781191114997	2.73038194396738	-2.58125495105976	0.00984418516407665	0.103721844621655
GDPD1	15.4103859741364	-7.04611548108839	2.42311840182526	-2.90787089717976	0.00363898533994523	0.0593628634607604
PTK6	15.3178661884235	-7.03742606917846	2.76712532767722	-2.54322635797845	0.0109834050016459	0.108672808959016
KLF12	15.293788176106	-7.03400364725189	2.77076241153605	-2.53865276140815	0.0111280209577347	0.109191685024484
EGFL6	15.2544914510274	-7.03118768217412	2.75415844618695	-2.55293506875343	0.0106819407809249	0.107399972376972
SSTR2	15.2074463373273	-7.02661173579249	2.74549895460176	-2.55932049218781	0.0104877003906806	0.106907905041462
TMEM45A	15.1430687831712	-7.02091236372353	2.74023341119198	-2.56215851359519	0.0104023828974493	0.106642915285583
MN1	15.0471121420992	-7.01111028450161	2.74595291821084	-2.55325218360619	0.0106722193856181	0.107399972376972
UNQ6494	15.0403002023205	-7.01084843123382	2.39981039136259	-2.92141764885564	0.00348442378867951	0.057970487624994
PIP5KL1	14.6990369781412	-6.97793908102398	2.79595725926679	-2.4957245172102	0.0125700179795823	0.116823146408863
PMFBP1	14.6150630601875	-6.96878609910835	2.77418987300678	-2.51200761956329	0.0120046496676908	0.113765582926724
TMPRSS11E	14.439154618929	-6.95162694214708	2.38909483932468	-2.90973251782339	0.00361738198251741	0.0592070826269936
HIPK4	14.1555740471135	-6.92363185951967	2.79919073942079	-2.47344054194475	0.0133819069590442	0.120895636579129
ESAM	14.1469796464645	-6.92239847959448	2.42911119777518	-2.84976599092486	0.00437514056219946	0.0655104380179999
HAMP	14.1409518227021	-6.92213123534889	2.83864532674175	-2.43853332790054	0.0147469987794896	0.126741425734951
PLB1	14.0768261269502	-6.91505896041234	2.80602967839841	-2.4643570285968	0.0137259311193745	0.122416047494832
CRYBB1	14.0248642254939	-6.90964544720662	2.41540592481835	-2.8606559983189	0.00422765504661836	0.0646672865019626
NID2	792.942588928983	-6.90557542073097	0.881627858236811	-7.83275546049735	0.00000000000000477292087132913	0.00000000000459427726157367
KLHL3	13.9210066654271	-6.89953818480736	2.57922947767334	-2.67503851228905	0.00747206661253102	0.0879205183678433
TRIM34	95.3470715829193	-6.8963824480333	3.37647707178901	-2.04247868455961	0.0411040716860616	0.212103173968622
DPYSL3	13.867805661583	-6.89352706103838	2.82161127591659	-2.44311720748956	0.0145610074634968	0.12625434862452
ARGFX	136.433107048109	-6.88715220323074	1.21803533570694	-5.65431231864343	0.0000000156471466865184	0.00000215164233415839
HSD3BP4	27.3353353794359	-6.86948180906418	2.30877469789906	-2.97537989103712	0.00292625916862785	0.0526769665080627
PTH1R	13.6370948267873	-6.86931138565031	2.49278842655341	-2.75567365143298	0.00585714043197651	0.0775351910229032
MAP3K19	13.4625425983785	-6.85102355882564	2.46052028168714	-2.78438003938257	0.00536301552074635	0.0741251252898234
SLCO5A1	13.3047948996476	-6.83385104238417	2.86755246635257	-2.38316512864945	0.0171644930066529	0.135983955177927
KCNJ15	13.0972123902767	-6.81040476581498	2.88151297819191	-2.36348224608322	0.0181040940806948	0.140132551310421
HMCN1	12.8946459966926	-6.78850649953864	2.88089187362307	-2.35639058921058	0.0184535028718999	0.141778451939409
RAMP1	12.8786344742464	-6.78587525170926	2.57613984523128	-2.63412534232979	0.00843543415169574	0.0944936912953049
KIAA1239	12.853937916789	-6.78386286994318	2.51248254927265	-2.70006367682318	0.00693262057611483	0.0847767648672627
MOBP	12.8437663928919	-6.78311073271661	2.91253441273649	-2.3289375408078	0.0198623747956103	0.147377789365055
C20orf203	12.706465541892	-6.76668456781993	2.91057568319232	-2.32486123171284	0.0200793815656032	0.14821891553162
AHNAK2	12.5770323271552	-6.75305472741172	2.89297813056978	-2.33429166161089	0.019580455058829	0.146267301758747
SPOCK2	12.5016528098505	-6.74372130697899	2.52246222254762	-2.67346771210234	0.00750715025050916	0.0879707450224883
ZNF214	12.494639879284	-6.74331935189855	2.58857254408421	-2.60503394711088	0.00918651575267673	0.0994760174397858
KRT20	12.4832160149491	-6.74135447670762	2.90922403700939	-2.31723455840739	0.0204909579560712	0.149537136354587
RSPH10B	12.4167931131235	-6.7342673442723	2.51121629031665	-2.68167555707563	0.00732544666366552	0.0870526624687448
APOA1	2871.23691846584	-6.71629678429169	0.784528760938165	-8.56093124777238	0.0000000000000000111959459723519	0.0000000000000215537954176306
IFITM10	12.2120223574827	-6.71056314839361	2.92305401897489	-2.2957369603272	0.0216909258009138	0.154170314395103
MAG	232.881042029866	-6.70382122893878	1.01620948553892	-6.5968890512605	0.0000000000419874731765463	0.000000012300504098416
HEY2	12.0757066132871	-6.69356543205848	2.93794280707307	-2.27831713263573	0.0227076896224222	0.157807884054846
KRT80	11.9701438635905	-6.68174557330057	2.59778088991899	-2.57209743871391	0.0101084437425985	0.104860503242542
FXYD6	11.9677075627402	-6.68140683729794	2.94423111743311	-2.26932145297175	0.0232487848711879	0.159446407710149
CUBN	11.9253031119472	-6.67628980345231	3.00578827334063	-2.22114440417065	0.0263411823270159	0.170207724299662
HSD17B2	11.8232126375213	-6.6633761989276	2.96162728515315	-2.24990370406552	0.0244550587712121	0.164006287424613
HDC	11.8232126375213	-6.6633761989276	2.96162728515315	-2.24990370406552	0.0244550587712121	0.164006287424613
DTX3	11.817447700558	-6.66226319261748	2.96092964978524	-2.25005791444613	0.0244452691808974	0.164006287424613
LOC283070	11.6898345762578	-6.64680549493655	2.96849141419513	-2.2391189892455	0.0251481750246953	0.166590217466604
VIL1	97.1256504187041	-6.64494028900733	1.23371968527926	-5.38610218212024	0.0000000720020390304409	0.00000851139892959843
MYO18B	11.6144550589532	-6.63683005381813	3.04373417090178	-2.1804893861187	0.0292212047497747	0.17947919445714
STOX2	11.4900623515196	-6.62145975185071	3.0077169022005	-2.20149035536102	0.0277013287258591	0.175589419524777
RNF112	11.4432535234474	-6.61677825662432	2.99992191312548	-2.20565016298395	0.027408503892619	0.174252978568349
ITGB3	11.3691042897904	-6.60713629785475	3.0209253384322	-2.18712333396618	0.0287335216507662	0.178165560703969
EFCAB13	11.2836084630392	-6.59658657215039	2.69133203649437	-2.45104895371544	0.0142440579756313	0.124969352395578
OCA2	11.2711795722895	-6.59482715681033	3.08240896302718	-2.13950427601069	0.0323948499877307	0.186401792670648
PKLR	11.2097221161813	-6.58572027735477	3.04993257095529	-2.15930028751161	0.0308268778590119	0.183844616725364
ZIC3	11.1213968257443	-6.5743668017297	3.04489631931327	-2.15914307493152	0.0308390687425277	0.183844616725364
SAMD5	11.0916465229338	-6.5716139949811	3.07225698774325	-2.13901832470347	0.0324341843169622	0.186468885603832
TRIM36	11.0350019821698	-6.56417308366963	3.06202212279596	-2.14373796805747	0.0320538881608458	0.185469384652451
C1orf186	11.0092120986619	-6.56082503250352	2.66350756051043	-2.46322748610716	0.0137692522588945	0.122478180489018
NTNG1	11.0138726811795	-6.5606476654383	3.02928304440077	-2.16574270851474	0.0303308534827147	0.182376785201875
RRN3P1	10.9974193379364	-6.5594266034832	2.7053448790454	-2.42461752447538	0.0153245222992829	0.128636441271433
FAM25B	10.9473128217569	-6.55285935270608	3.05482442417975	-2.14508542646132	0.031946017428329	0.185392952272033
RASSF10	10.9414639319923	-6.55207702788484	3.0911344417467	-2.11963508911068	0.0340368309442882	0.190865872132348
GFOD1	10.8813847455239	-6.54329745117461	3.038474416878	-2.15348117292947	0.0312808821738469	0.184159531749568
MAF	10.8412398712382	-6.5388129673254	3.03501635681981	-2.15445724127068	0.0312043317449467	0.184119711097432
TRABD2B	10.7828548460045	-6.52970096206521	3.08644678420477	-2.11560458306998	0.0343784517395637	0.19151881589184
GBP1	10.7095780279996	-6.52118888471745	3.05567267027616	-2.134125473632	0.0328325111739608	0.187797504490787
RNF103-CHMP3	10.6784693751598	-6.51677994305571	3.102629973917	-2.10040513945929	0.0356932173024178	0.19430630842264
CCDC113	10.4086076640981	-6.47969514249914	2.6929306184407	-2.40618718437355	0.0161200027729907	0.131250342159518
ABO	10.3888786895378	-6.47724552041295	3.17226451853602	-2.04183651223453	0.0411677511141381	0.212151668839054
GJB1	10.323586743329	-6.46739237979918	3.09140948246223	-2.092052966936	0.0364337778214047	0.196951583175985
GPC3	307.795830869898	-6.46027337169478	2.1019677496908	-3.07344076646518	0.00211605691386179	0.0434694862365875
PART1	10.2615394804317	-6.45901782422725	2.68436810588649	-2.40615950177005	0.0161212243928756	0.131250342159518
GPR133	10.210297661801	-6.45132937445417	3.10617331211372	-2.07693799611719	0.0378072822916619	0.201698707902785
TREM1	179.780780038204	-6.45079018850106	1.12208997136826	-5.74890637391138	0.00000000898225368521583	0.00000137550966661328
THBS4	10.0837005923106	-6.43300967360629	2.7572915277213	-2.33309013897515	0.0196434149074864	0.146494000715709
PRSS35	10.0518939134355	-6.42953898670451	3.15229220191519	-2.03963927671369	0.0413862670565214	0.2125462404168
UTF1	9.904677743777	-6.40825518321269	2.74887715751118	-2.33122646666929	0.0197414212595224	0.146907131999172
CGA	3609.0286566932	-6.40593496268246	1.66635396202901	-3.84428225254277	0.000120905785070652	0.00532459594644481
LINC00622	19.9258139328458	-6.40488531640362	2.44452311146792	-2.62009603687385	0.00879050076877444	0.0971786614930306
MAATS1	9.82073912066334	-6.39609508371533	2.75718019948264	-2.31979581346025	0.0203519256697306	0.149217927271649
ITPKB	9.74141910366662	-6.38378948426356	2.76008268372582	-2.31289791494439	0.0207282524963835	0.150584329186665
VCY	19.4495115713536	-6.37014048473826	2.46062486870187	-2.5888304087973	0.00963025097024546	0.102590721007927
DACH1	9.61698441983234	-6.36578571516895	3.21135418408893	-1.98227456401697	0.0474485192632046	0.229840490866623
SRPX	9.55074045200453	-6.35587447172996	3.24248537781447	-1.96018600892319	0.0499740531849862	0.236630478116962
MXRA5	9.51329476536822	-6.3498671357187	3.1862866314258	-1.99287379644099	0.0462752683160705	0.226271957847375
ANKRD20A5P	9.46826405133202	-6.34346239454412	3.22099632140886	-1.96941000906499	0.0489060272990222	0.233957267973597
FHOD3	9.34106179982309	-6.32300704034311	3.1986069913722	-1.97680023128773	0.0480642155547033	0.231947566969639
CYP1B1	86.9361331168139	-6.29902619962001	1.56160024252755	-4.03369955259782	0.0000549055118073942	0.00276084581013598
GPC5	8.91342144202496	-6.25569540249819	2.86477707092714	-2.18365870977655	0.0289873359827834	0.178861419278383
THPO	8.86281575341838	-6.24696570198833	2.87979310344206	-2.16924114948455	0.0300643805658659	0.182191097656721
SLC16A11	8.78381597485095	-6.23516309936462	2.87288609645998	-2.17034817601982	0.0299804795853354	0.182149765687279
ADCY10P1	8.76054634499472	-6.23017073449267	2.89481701071942	-2.15218119536486	0.0313830861042386	0.184355160881669
CCR8	8.60524597550926	-6.20458277365838	2.88154149091633	-2.15321653122729	0.0313016650599069	0.184201414125461
OCLM	8.52253763604324	-6.1916094772434	2.92411866729406	-2.11742756766196	0.0342235765903851	0.191191727516128
MARCH11	8.50151434464447	-6.18703841836428	2.90006073816956	-2.13341684087257	0.0328905467654379	0.187810596699594
GAS2L3	586.105922373941	-6.18381310815587	0.797693924059215	-7.75211258559973	0.0000000000000090376205563165	0.00000000000811939830779474
FN1	1098.11592810982	-6.17901991323347	0.836879984692826	-7.38340027991165	0.000000000000154297243217536	0.0000000000990147452190246
PELI2	114.651953515601	-6.15802180961523	1.18642732654077	-5.19039107736162	0.000000209852853421886	0.000022093570724323
C1QTNF9B-AS1	8.23068958356867	-6.1407651671197	2.9732835409338	-2.06531435114699	0.0388932665597717	0.205356688040483
KRTAP5-AS1	8.13719350979186	-6.1242197657156	2.93240195096779	-2.08846531550506	0.0367558809873668	0.197970524454738
GPNMB	33.7927384192406	-6.11920611414113	2.0686560120324	-2.95805879689449	0.00309583067217281	0.0539707815500658
MYH13	8.05467513271867	-6.11009947039068	2.9637910382644	-2.06158240965894	0.039247510159746	0.206118256785946
OSBPL7	170.734806172441	-6.1036088815852	2.23362509239733	-2.73260221796409	0.00628361701292287	0.0806457360629986
TNFAIP6	7.99976672959002	-6.09883169604023	3.06893502150755	-1.98727951334867	0.0468914306392262	0.228132342761406
SERPINE2	420.017453610949	-6.04494790487506	0.856774258486324	-7.05547329999709	0.00000000000172014211255158	0.000000000772687836958169
RGS5	74.1939405135118	-6.01857268688815	1.29886972607498	-4.63370002862067	0.0000035918736191651	0.000270413904423849
SULT2B1	166.244078464968	-5.97134063544429	1.10336126185154	-5.41195421835258	0.0000000623406295136692	0.00000750091360112684
NRCAM	41.0235676130149	-5.95531356375019	1.63318335483674	-3.64644517476454	0.000265893175648353	0.0101847321936923
TDGF1P3	57.739357533019	-5.91437045504606	1.47730024550484	-4.00349927040386	0.0000624123937321347	0.00306357082661858
DPPA5	543.737155874484	-5.88516104359998	1.69167393749493	-3.4788979797814	0.000503480221712853	0.0158896943039869
CTSE	340.478804804292	-5.85247569729858	0.823341122673181	-7.10820282885552	0.00000000000117563704776655	0.000000000586409904856374
SLC13A4	1497.86763351296	-5.82493172757896	0.506836600772742	-11.4927211623984	0.00000000000000000000000000000143518661818278	0.0000000000000000000000000193405748666311
ANXA1	10239.5781537894	-5.79765628553363	0.782308374184768	-7.41096027710976	0.000000000000125388140807119	0.0000000000844865292758369
METTL21C	52.2301043005293	-5.7566744526286	1.57571001776659	-3.65338443477569	0.000258806298748746	0.0100220508101669
LGALS16	1937.1997871701	-5.75335350895452	2.67766403324269	-2.14864652082103	0.031662430987968	0.185017842010743
UNC93A	93.4777940364973	-5.74941422166702	1.27629425926243	-4.50477166996709	0.00000664443457533053	0.000449951760488212
VASH2	50.7829680210245	-5.71208230686442	1.62242120542897	-3.52071477354374	0.000430385293569604	0.0141116112314939
SLC40A1	22629.0949907532	-5.70444421687831	0.919314275040809	-6.20510784152142	0.000000000546594077883531	0.00000011691907608823
IFFO2	200.948944802897	-5.6860593783842	1.0371944734826	-5.48215356305557	0.0000000420179256694173	0.00000526454205870167
LOC100129935	595.485165768249	-5.67589694606409	0.849206985071353	-6.68376149259675	0.000000000023288572602778	0.00000000697415120877858
LBH	521.561555756269	-5.63758884911959	0.655870102515656	-8.59558749132801	0.00000000000000000828398799671757	0.0000000000000186058370406277
ITIH5	168.414290676136	-5.61606281635847	0.944100399371953	-5.94858642162895	0.00000000270468074101582	0.000000485977035545723
SP7	487.107350730326	-5.59475926749542	2.42023533409222	-2.31165919639542	0.0207964716630641	0.150754842459092
NOL8	894.907754656614	-5.59022244636298	0.787307807856102	-7.10042805441695	0.00000000000124371067406241	0.000000000586409904856374
IGF1	157.424247595554	-5.58618455739095	2.19915236645161	-2.5401534894121	0.0110803829632023	0.108992146578185
SDC1	5682.28813558942	-5.49591500898056	0.713177746524579	-7.70623457583046	0.0000000000000129584342282626	0.0000000000109142412287541
EEPD1	806.213401408561	-5.44993497060948	1.94625991857525	-2.80020922107828	0.00510694947222286	0.072119051658514
ZNF488	152.860869014022	-5.44880817647803	1.21613867168372	-4.48041683349667	0.00000744974043864121	0.000491321351159233
PIK3R5	55.3967489221239	-5.43996243003312	1.4418016715397	-3.77303101904702	0.000161276227637504	0.00685705942636135
MT1X	114.10485844372	-5.43759772240979	1.21505826592845	-4.47517446272818	0.00000763489444022018	0.00049704269312274
DUSP4	350.101886180709	-5.43716330191863	0.665925716113464	-8.16481954421507	0.000000000000000321916086605124	0.000000000000361511765257554
TNFAIP2	922.215669232051	-5.40303388180271	1.77416617179585	-3.04539336151001	0.00232376167355597	0.0465997207036313
SERPINB5	46.5308771067849	-5.36999306851071	1.48573987348294	-3.61435616311631	0.000301094917204785	0.0109074061942249
C4orf45	25.8664110726994	-5.31863973030884	1.87981233876147	-2.8293461111193	0.00466432257048766	0.0681873581530381
PDGFRA	1034.51108934734	-5.27244464134583	0.843302125857855	-6.25214200187436	0.000000000404861013417819	0.0000000879985002712665
GDF3	243.167688616219	-5.25679634355082	2.28156439452265	-2.30403154790231	0.0212208727163001	0.152763077310289
PROS1	88.8449100063168	-5.24530468060827	1.24080574588889	-4.22733751676063	0.0000236472820675268	0.00134460241832064
SLITRK2	23.74001975439	-5.23965625715241	2.30016498539234	-2.27794801261123	0.0227296751966797	0.157807884054846
CDHR1	201.101023432074	-5.20762509937315	1.04889096342925	-4.96488699106272	0.000000687410855567407	0.0000626604584065194
MUC15	5421.55424870927	-5.18033280476231	0.703407809631574	-7.36462224875727	0.000000000000177649191274423	0.000000000108818204618824
SP8	198.894320248426	-5.15077818381827	0.979029502192361	-5.26110619984793	0.000000143191294305552	0.0000159474866286084
DENND2C	61.3461131686073	-5.04189054480478	1.50441971555608	-3.3513855825408	0.000804082588418357	0.0227690839928649
FAM214A	1995.46887475266	-5.02596870913949	0.762761318259336	-6.58917617978981	0.0000000000442273721524444	0.0000000126810227048158
PVRL3	94.3488037802685	-5.02443562841662	1.39931468217788	-3.59064025584056	0.000329866665685815	0.0116981136494264
SLC25A12	34.0768059069054	-5.02377747468145	1.71103700431003	-2.93610100893597	0.00332366078086807	0.056197807632344
ERVFRD-1	8501.58439365223	-5.01279812551984	1.57608043057015	-3.18054715247398	0.00146997214800731	0.0339201107303878
STK39	25.1978191800054	-4.97755371900368	1.88510637441605	-2.64046304577671	0.00827928213002434	0.0931315575828113
HSPB8	2520.66417482421	-4.93944924968483	0.889022073062898	-5.55604793103418	0.000000027595112568134	0.00000364580134282523
FLRT3	86.8947262727912	-4.91591497944174	1.13587289943399	-4.32787416786804	0.0000150555437866169	0.000897296990908226
BLOC1S5	73.3221882050974	-4.9005749087092	1.57217402507705	-3.11706899525263	0.00182658818081462	0.039574119493019
TBC1D3P2	46.2078980208514	-4.8917617297138	1.64037642291739	-2.9820970731912	0.00286281209962246	0.0521341295331247
BEST1	28.2024419463398	-4.88344117178456	1.78880823453453	-2.72999703238469	0.00633348956756559	0.0806711771384819
MRGPRX2	15.1759019042563	-4.86799231778661	2.21332218417502	-2.19940519848043	0.0278491233311497	0.176277494603369
ATP10D	74.9664563224989	-4.84367736648908	1.43703470854993	-3.3706056907816	0.000750031288121216	0.0214594939250987
PXDN	195.610335608215	-4.82626226389218	2.16873821460847	-2.22537797848667	0.0260558746014322	0.169382038653594
ZSCAN4	30.4671514032848	-4.82355609125026	2.144105543474	-2.24968220707776	0.0244691257971733	0.164006287424613
SERPINE1	1960.56759482432	-4.81996742793349	0.787292903635312	-6.12220357338085	0.000000000922900042960273	0.000000191338476598964
TP73	2464.68863701246	-4.81842237679804	0.839394964424788	-5.7403517783788	0.00000000944800837356503	0.00000141468178713514
COL23A1	192.993323573477	-4.77507925369765	2.17241735670845	-2.19804874922037	0.0279456321619369	0.176433898444306
TRNP1	36.4936358020822	-4.77323628789234	1.72115910311602	-2.7732684789284	0.00554963140757958	0.0754404551823969
NLK	2284.69668484602	-4.72996123656951	0.830571225725459	-5.69482916102487	0.0000000123495514849801	0.00000176535243762898
SIPA1L2	161.279624057635	-4.72711628130669	0.97746887479254	-4.83607857315149	0.00000132425593315378	0.000112236936825033
C11orf96	17.0401575618702	-4.72203443724505	2.06001987621654	-2.29222760991879	0.0218925125293465	0.155341209636759
TCP11L2	41.0483986132535	-4.70391057900754	1.54907992745175	-3.03658352009346	0.00239275809835734	0.047559565991941
PAK3	126.012633756295	-4.68836790626088	1.17655126948676	-3.98483944376351	0.0000675257670832361	0.00323835315734409
RNF138P1	25.6240087082235	-4.68168503244172	1.83329595230633	-2.55369845035225	0.0106585520673571	0.107399972376972
MIAT	36.0215158063241	-4.67169356273	1.67472538031385	-2.78952813257928	0.00527849103593177	0.0734409658133016
EVC	25.400991120074	-4.67004481402934	1.80672233330251	-2.58481601071094	0.00974309741615211	0.103362003283661
KHDC3L	265.260311724163	-4.66533468999902	1.10688249783672	-4.21484186362771	0.0000249953266495085	0.00140935992438818
GK	27.2964465267128	-4.65451587075552	2.15959458269937	-2.1552729887559	0.0311404782211828	0.183975924817475
IL36G	26.6781164888575	-4.62210457921673	2.18430642579262	-2.11605135828848	0.034340439801242	0.19142525213762
PKDCC	26.3093602205444	-4.61892729311449	1.90933291074312	-2.41913145011301	0.015557617034323	0.129505456216303
LOC100129269	216.316615694072	-4.60881678488922	0.786464338054666	-5.86017262561354	0.00000000462386246732925	0.000000780128287012955
TBX1	32.512541523451	-4.60541894354561	1.66211193539994	-2.77082358020456	0.00559147127690043	0.0755794359193579
SLC43A1	38.2026182127023	-4.60108979267116	1.58343519983076	-2.90576450060155	0.00366357065808009	0.0594822628774546
STEAP1	34.060150213766	-4.59742708259792	1.76928187991139	-2.59847067603957	0.0093640042589132	0.100951457114491
RBMS2	188.500266388381	-4.59426096406842	2.31674925662061	-1.98306353220545	0.0473603334195408	0.229660976308648
C10orf114	24.133156148678	-4.59069510760169	1.84598571335807	-2.48685299912244	0.0128878640124126	0.118308484626208
WNT10B	186.365442038415	-4.57594297055801	2.20527856617463	-2.07499544082344	0.0379869573174214	0.20249692911771
CCDC73	15.0930983021286	-4.55100374035024	2.15548371543592	-2.11136076220825	0.0347413149869077	0.192189639065504
DPP4	340.050685381153	-4.52517400448938	1.04579713549684	-4.32700937007208	0.000015114753408739	0.000897296990908226
SPIB	84.7908845671654	-4.51855616195358	1.32148013873922	-3.41931447132045	0.000627791272698751	0.0186886662205271
KRT23	1259.85976116719	-4.51643213522684	0.770868500185911	-5.85888790907607	0.0000000046597707290439	0.000000780128287012955
C2CD4C	43.0097604038012	-4.51208590168293	1.50015775027125	-3.00774095315447	0.00263197384359731	0.0503099000231452
CD200	53.0112381590181	-4.50571280686641	1.38292332869969	-3.25810745495412	0.00112157928035055	0.0283674958137385
LOC90246	78.4748180682611	-4.49368060748815	1.34700580405661	-3.33605140672379	0.000849774487995186	0.0234663135250474
DNASE1L3	1349.17918665522	-4.49300256695295	0.825392841532077	-5.44347169114422	0.0000000522520409051177	0.0000064013500294306
CYP2C18	103.820340681359	-4.46013474002365	1.06317011904888	-4.19512800455088	0.0000272717529156658	0.00151240387774285
NOSTRIN	35.7774023668356	-4.44502019700545	1.53376476769488	-2.89811077332671	0.00375417967841844	0.060443638406651
JAG1	458.560076322106	-4.44104743763411	0.760621823579304	-5.83870630576388	0.00000000526077115319856	0.000000854146410367515
GAGE4	35.5498770801891	-4.4308024420151	2.01789581025422	-2.19575382410695	0.0281095683650945	0.176516562575962
NSUN3	34.489675413305	-4.40837515803668	1.63624443890731	-2.69420329457658	0.0070557114896269	0.0853889215974366
EPHA4	125.349471963535	-4.39834176940616	1.05277522833811	-4.17785454198926	0.000029427174111845	0.00161203495256595
TFPI	557.016415699727	-4.39381189002507	0.964989180625127	-4.5532239928107	0.00000528299701043127	0.000372741715772627
RHOBTB1	2728.33074588495	-4.39030080102091	0.651070513905823	-6.74320324335248	0.0000000000154932240298081	0.00000000497111159584987
FEM1B	2950.19854968301	-4.38107443713465	0.806443077055077	-5.43258980303137	0.0000000555419855456021	0.00000674309727218499
HR	39.5555238940868	-4.36913562707451	1.695480864883	-2.57693007191562	0.00996821143879792	0.104294733966802
SEPT3	19.4103607004845	-4.34244578037636	1.95711487726237	-2.21879963758214	0.0265003586919021	0.170494044234016
ERVV-1	1408.71067976686	-4.3298917483916	1.57721960450867	-2.74526878566186	0.00604613554121404	0.0792773520955712
PYGO1	461.375795081396	-4.3150825563445	0.77505719470885	-5.56743758499715	0.0000000258512628776902	0.00000348371618539754
LRP4	69.4275055252514	-4.31376225118941	1.16922547545029	-3.68941862948042	0.000224767102818699	0.0090147663023357
SLC7A11-AS1	21.9381533196203	-4.30194844781747	1.8868667573807	-2.27994288997349	0.0226110758458886	0.157722980153353
FHDC1	10100.573853481	-4.28551272250377	0.718681997395282	-5.96301665832142	0.00000000247623166272334	0.000000457119149135065
OR52E6	21.2340577784782	-4.28536609376698	2.03993003652232	-2.10074170047159	0.0356636466095746	0.19430630842264
ESRRG	280.52824518392	-4.27303332274855	0.906883350121419	-4.71177833640506	0.00000245564405779452	0.000189132014125367
PRRG4	118.409321212786	-4.27192308383691	0.88705148208489	-4.81586826707775	0.00000146561192495234	0.000122674449072408
FBP1	88.0171566925598	-4.26215206839171	1.39281239802944	-3.06010491751928	0.0022125946707431	0.0449727387374571
ABCA3	29.3599643634256	-4.24693651704026	2.08388681752307	-2.03798809096946	0.0415511238747608	0.212592892386132
FBXO32	234.910214472541	-4.23086540366465	0.665508773911617	-6.35733978200944	0.000000000205277594567409	0.0000000485319449893054
FCER1G	20.64550688996	-4.21909998349967	1.9704857508056	-2.1411471672783	0.0322621720209954	0.1859559581501
PHYH	20.4808390322043	-4.20857558968296	1.9901773179543	-2.11467367842829	0.0344577692445348	0.191806449648961
RGAG1	39.7272180039203	-4.2071658169774	1.9527899846318	-2.15443844452667	0.0312058044038688	0.184119711097432
RYR2	32.8907731086996	-4.19176529813019	1.80318762240069	-2.32464178771893	0.0200911223768385	0.14821891553162
CERS6	119.103832730986	-4.18533906514512	1.08084060817403	-3.87229997974987	0.000107813144028642	0.00481089380440392
FST	3458.5987440336	-4.18018896074922	0.698240091489601	-5.98675013322617	0.00000000214075264486369	0.000000400677536696987
SLC39A8	19.3906749351508	-4.14365466282518	2.08780508202763	-1.9846942123548	0.047178503133273	0.229109011972608
PCP4L1	46.4296534010803	-4.1295824145048	1.5120230611107	-2.73116364473389	0.00631111256141068	0.0806711771384819
BGN	100.149255475071	-4.12942901769867	1.37560236985521	-3.00190600728125	0.00268295001173438	0.0509949708859415
MLLT11	278.602336380076	-4.07617576284333	0.910643930692047	-4.47614663147826	0.00000760022961779003	0.00049704269312274
MLF1	32.405619710255	-4.06043382778064	1.77732507191618	-2.28457578860516	0.0223377139424368	0.156782829733478
IL1R1	2274.95538256154	-4.05826048528027	0.625949360591031	-6.48336868887988	0.0000000000896969463115501	0.000000024668490785601
BAMBI	901.943781919264	-4.04644183282116	0.632930556998874	-6.39318450985826	0.000000000162466016839699	0.0000000405442970913293
CPM	1108.96911806811	-4.04477660438319	1.84070754616359	-2.19740317402041	0.0279916648021614	0.176433898444306
DEPDC7	31.988851039569	-4.04181801038984	1.7582948451688	-2.29871458788347	0.0215211516144311	0.153560492204856
SCRN1	49.7518255215424	-4.03331893074065	1.30528300974319	-3.08999573321205	0.00200159370736998	0.042116038700783
MXD1	2878.20777048287	-4.03212293285806	0.586989122518784	-6.86916124707069	0.00000000000645804769492337	0.00000000235212569558885
SPDYA	71.4650529518098	-4.02442602845853	1.05121792659266	-3.82834607996365	0.000129007270346758	0.00566287288336453
SPINK1	28.0376310655145	-4.01726018627025	1.79305812227344	-2.24045173793737	0.0250616106389159	0.166287673545067
PRICKLE1	44.6157217503134	-3.99541553966478	1.61950962340874	-2.46705266947117	0.0136230317781852	0.121740037296302
LHFPL3	32.9989302151715	-3.98625031616738	1.89792505461643	-2.10032019255523	0.0357006841536403	0.19430630842264
UACA	2087.02058177367	-3.97094266581254	0.720375306730631	-5.51232479613212	0.0000000354124641253484	0.00000454493682431615
KLF4	3362.14000371653	-3.96160894120763	0.740629227483168	-5.34897732117608	0.0000000884526237752045	0.0000103651091999535
ERVV-2	447.501951931389	-3.9515748538294	0.743090417461295	-5.31775778690515	0.000000105053786251347	0.0000121000412266936
SGK1	7706.86530929278	-3.94983718871332	0.815686181893149	-4.84234902636947	0.00000128313121040055	0.000109439722730113
MAST4	353.2408150145	-3.9412622985506	0.587555425463038	-6.70789874069257	0.0000000000197446859524154	0.00000000604725881578977
C14orf182	36.1153053372694	-3.94037021518242	1.63999098203324	-2.40267797710521	0.0162755125375867	0.131970869284483
LGALS2	65.3264770461717	-3.93397481512456	1.20967456320584	-3.25209352563293	0.00114558319957077	0.0285932299852834
ROBO1	179.024115713096	-3.90772411385275	0.967479232941526	-4.03907802958384	0.0000536617128539029	0.00270840914763744
SOWAHB	28.2355514556326	-3.90443388459455	1.82303816283496	-2.14171812976359	0.0322161709209856	0.18595183320169
SLC30A1	1518.55051294927	-3.88242854828048	0.773110368505891	-5.02182962024379	0.000000511815760289114	0.0000478974249003896
PODXL	458.187645172444	-3.87479445364309	0.988827286725514	-3.91857557498682	0.0000890738017053966	0.00408285221694532
PHB2	17.2699593446784	-3.87031605683674	1.7645260858414	-2.19340257301507	0.0282783871121261	0.177163898058118
PRKCH	2356.28729058866	-3.87014670033366	0.64080727781316	-6.03948618302378	0.00000000154605750605222	0.000000306392219875877
GOLGA7	9587.64897699901	-3.86532337618287	0.59746491146934	-6.46954038970575	0.0000000000983014533953861	0.000000025974713450122
POU6F1	37.9250378730324	-3.85677386025857	1.69786394742115	-2.27154470540265	0.0231140238789914	0.158839666391274
HAP1	408.996855179389	-3.85120840686367	0.655348342825246	-5.876582200942	0.00000000418823479793954	0.000000732995482299133
TIPARP	842.726978104105	-3.85061523627616	0.691888571452433	-5.56536904229077	0.0000000261598182320375	0.00000349039317321719
HSPA12A	59.3725915334441	-3.84654244159727	1.32710196200379	-2.89845283311117	0.00375008709870444	0.060443638406651
PRICKLE2	32.0113296138865	-3.82994931131972	1.77839862220572	-2.15359439863347	0.0312719939311417	0.184159531749568
ENDOU	201.418564153159	-3.82037994287077	1.07918339207363	-3.54006554486536	0.000400027668718745	0.0133766076021186
CHN2	58.4790086588562	-3.81894987278142	1.2977559693479	-2.94273342830424	0.00325328418329416	0.0554952628532558
CRYBA1	22.0544509112045	-3.81600365824542	1.9034816361142	-2.00474939492218	0.0449898449941399	0.222898217331261
SMAD9	180.966223382291	-3.8143990196399	0.730410938665822	-5.2222643688871	0.000000176748388251528	0.0000189036609529967
PGC	1230.01706734363	-3.80519891091836	0.737007467548125	-5.16303983130251	0.000000242971412830512	0.0000246186673631878
FAM122C	70.4956243831266	-3.80034285037675	1.12430424022848	-3.38017301224839	0.000724402142485491	0.0209270831611087
DUSP8	36.9388484963864	-3.78908942826505	1.62154759823906	-2.33671181307281	0.0194541738853052	0.145808925071397
SPRY2	221.336183403948	-3.76572435072549	0.998730594057599	-3.77051065936237	0.0001629138434621	0.00690385834746938
LEPREL1	68.6542144731259	-3.76383710538844	1.18617715465181	-3.17308176997665	0.00150830037598218	0.0346266709825142
AMPD3	117.200048278804	-3.75682942721573	1.1034028506796	-3.40476683099182	0.00066220569972868	0.0195255787726474
LOC100506013	266.378248118927	-3.7285063440638	1.06893677115164	-3.48805134661691	0.000486554631270642	0.0154641750259509
APOA2	631.621510028621	-3.72646831870721	0.735240927413697	-5.06836355236036	0.000000401250464906825	0.0000383492997523714
ADAMTS20	166.591070761479	-3.71988637129446	1.12206265363786	-3.31522162263769	0.000915704948431574	0.0248146231806359
ZC3HAV1	566.451380764463	-3.71942248045594	0.929134972267095	-4.00310244633299	0.000062517214108052	0.00306357082661858
ACSL1	77.5212290041024	-3.71644995907811	1.39217341570698	-2.66953090552359	0.00759572824809456	0.08854674210322
DYNLT3	99.3081986138343	-3.7122915807266	1.15950013658285	-3.2016309990847	0.0013665192472205	0.0324211503090553
CCR1	63.3764471034398	-3.69857802699956	1.2479491405768	-2.96372496822272	0.00303939803947698	0.0535410823267867
SMCO4	57.4213293776748	-3.66875777535165	1.32696920305328	-2.76476482416477	0.00569638478162868	0.076258762786397
TNNT1	33.4951695887784	-3.66395225105687	1.69019128830737	-2.16777371674073	0.0301759075370883	0.182191097656721
NODAL	187.59500199568	-3.65489269162784	1.00335137099193	-3.64268470377884	0.000269809245558634	0.0101847321936923
SLC25A30	36.3831963657979	-3.64578752460277	1.5305500417354	-2.38201131958354	0.0172183681690716	0.136097137099349
CREB3L3	64.3033728370978	-3.64051387435188	1.4747835615001	-2.46850722328969	0.0135677913741429	0.121407408073008
DCAF13P3	26.4468956921631	-3.64007928630881	1.67816575316842	-2.16908209420687	0.030076451849524	0.182191097656721
EPHA2	450.534864273566	-3.62457214606532	1.04631385262615	-3.46413472111449	0.0005319400332802	0.0166320739872018
IFRD1	9862.90406230844	-3.62431075113246	0.699085309184382	-5.18436119815036	0.00000021675650052918	0.0000223982482138151
NFKBIE	2224.29974235616	-3.62054955344899	0.483362729487004	-7.49033662006068	0.0000000000000686971927626893	0.0000000000487243878773685
NCMAP	52.6394723953997	-3.61168837789963	1.20754988054752	-2.99092272383981	0.00278135868402586	0.0515965540394103
FGF18	587.631004957708	-3.59790511435073	1.65459646400825	-2.17449099681673	0.0296682808166207	0.181237421706609
MX1	524.691805114548	-3.57199813531349	0.808215090683062	-4.41961326445244	0.00000988776881275196	0.000616886909817803
PDK3	55.6491349580006	-3.56792216498391	1.55595211156722	-2.29307967671971	0.0218434182096041	0.155090571018243
IL6	155.201670972136	-3.5481056134376	1.03482708919746	-3.42869417555475	0.000606492516756235	0.0183253209771458
ANXA4	75.1258103318227	-3.53984062079774	1.18663086433134	-2.98310176079266	0.0028534310536645	0.0521041150124429
BMP6	377.739344405023	-3.52677663915125	0.964505391516516	-3.65656498156636	0.000255617634157887	0.00995578970494706
MYO18A	50.6614657920015	-3.52267548701172	1.49646778311284	-2.35399353515256	0.0185729340986821	0.1422095794965
BCAR4	292.194958616606	-3.51345679056246	0.829683661525886	-4.23469444257923	0.0000228862683612708	0.00131240575504887
CREB3L2	381.612337710369	-3.50841995353133	0.61473867716421	-5.70717295634574	0.0000000114868045006954	0.00000168256714621056
TPRXL	197.496377171202	-3.5082858878422	1.2294821697344	-2.85346625937656	0.00432451198903854	0.0650998343726966
GPR97	292.238812440804	-3.50040711621958	0.665770730174904	-5.25767649067419	0.000000145886862674722	0.0000160295031500367
C6orf1	565.55875155335	-3.49424313248656	0.601607586870003	-5.80817663996915	0.00000000631568654688496	0.000000989653394253741
ZCCHC24	70.7724171182057	-3.49354536128899	1.17548557632651	-2.97200189576687	0.00295864857186424	0.0528613856328405
ZNF763	28.6152887368478	-3.49054550056152	1.72984650699466	-2.01783538969928	0.0436084078179244	0.219115176642188
TRIM17	86.5245176499967	-3.48646782328716	1.14903913161023	-3.03424637801616	0.00241137412184513	0.0477453987045569
FMNL2	1194.20583491688	-3.48275848626124	0.62873455724832	-5.53931455828301	0.0000000303657795434137	0.00000397290529249556
OTX2	77.7042065155168	-3.48093447218987	1.19397845756456	-2.91540810484151	0.00355223701487084	0.0585207163965764
PKD1L1	41.8098184980789	-3.47845163175315	1.63519044276531	-2.12724557383705	0.033399684300085	0.189194680801995
PFKFB3	213.044575163252	-3.47313196395883	0.764142265468187	-4.54513788977613	0.00000548993023538822	0.000381352061093256
ATP6V0D2	325.633617104007	-3.44442889649426	0.763836791094314	-4.50937809837569	0.0000065017941317372	0.000444762323448175
RLIM	486.199527460655	-3.43732314254478	1.00687775120958	-3.41384357576227	0.000640533397899738	0.0189710507035096
CLEC1A	475.789950347252	-3.43468751534259	0.625619326054838	-5.49005980522015	0.0000000401797670709117	0.00000510813717969439
DEPTOR	118.268219791838	-3.42936309093987	1.17646479484005	-2.9149729817509	0.00355719336551454	0.0585308153768913
CYP2E1	68.4444670141249	-3.39725779562245	1.4327154622135	-2.37120201828059	0.0177303370897452	0.138352068686396
EGR2	36.6490597222765	-3.39649845148514	1.67110833678023	-2.03248250082294	0.042104833554918	0.214114995089085
FIBCD1	248.466415313225	-3.39539694331833	1.1013304689745	-3.08299555761855	0.00204928214087068	0.0425518122193734
TNFSF9	40.0290750561535	-3.39437392792856	1.61011188454006	-2.10816028408993	0.0350171273739098	0.19276585314167
COBLL1	2716.87948684905	-3.39047106713545	0.636314177848894	-5.32829722354637	0.0000000991377960046193	0.0000115170770599849
SFRP1	108.06273735727	-3.36772713136739	0.93938601486654	-3.5850300920712	0.000337039341564883	0.011838537465054
BHLHE40	1856.72397664808	-3.35821417762198	0.589140019953463	-5.700197005607	0.0000000119669051958873	0.00000173404316580405
GPR160	300.944192456553	-3.3281916164546	0.936469361538938	-3.55397811518921	0.000379450787654584	0.0128802992806881
MIER3	1399.95688434939	-3.32624684618915	0.718065964777302	-4.63223019798848	0.00000361747600016237	0.000270828369878823
RASAL2	1125.28991409968	-3.31460070589455	0.669837419696771	-4.94836598916054	0.000000748390892807207	0.0000672354378097995
B2M	38.0404010829056	-3.30982546850048	1.43406474813539	-2.30800281005721	0.0209989801972869	0.151733113747259
NOS2	3103.93437063302	-3.30928121794792	0.737950886409393	-4.48441932775459	0.00000731127596901667	0.000485353472701816
FGD6	1572.66687748948	-3.29899489912998	0.725414611548813	-4.54773704114725	0.00000542258292787991	0.00037862553127518
AQPEP	161.022279138563	-3.28609771217162	0.786958660049486	-4.17569292898432	0.0000297080344961664	0.00162083187396898
PNRC1	120.07710683028	-3.28195262812487	0.900960327990365	-3.64272712811387	0.000269764765860234	0.0101847321936923
BATF	360.51264543678	-3.27733355816988	0.675858770890993	-4.84913964177653	0.00000123998110347973	0.000106433027710146
FAM92A1	42.6419093940938	-3.27678821523452	1.16271252381881	-2.81822733316078	0.00482896063391909	0.0697225614778784
TMEM117	34.4353853629743	-3.27576471326873	1.54520627895212	-2.11995301720505	0.0340100076557079	0.190865872132348
ZC2HC1C	330.144267222196	-3.26950718191202	0.735452806529936	-4.44557033827695	0.00000876589930518338	0.00055721348602194
SPARC	2928.46506188695	-3.25274013151039	0.627515294195769	-5.18352327281384	0.000000217733045117971	0.0000223982482138151
LYPD5	1590.41216991331	-3.25180268132511	0.67472289978036	-4.81946393457767	0.00000143944470478693	0.000121237230260679
PPM1B	16347.0757110919	-3.24517749708297	0.639829647378643	-5.07193986771063	0.000000393780829210817	0.0000379042175317498
PTPN5	124.219051313587	-3.24067860328465	1.0366703235165	-3.12604550334954	0.0017717413499632	0.0390130497256602
KIF21A	3495.59045531198	-3.22057268436049	0.676641387055697	-4.75964483694137	0.00000193933916251876	0.000157436955145198
RNF11	2094.15128567071	-3.20817524654625	0.647114426369894	-4.95766299716587	0.000000713461792639723	0.0000645275913933752
ARHGEF4	54.3906620125236	-3.1934788305774	1.23813992995486	-2.57925518216169	0.00990136140179682	0.103999022798608
RASA2	182.016512090301	-3.19129949563062	1.08794067518996	-2.93333962816804	0.00335336845806227	0.0566290643369011
SERPINB9	12226.6506851364	-3.17109967329485	0.624478591284309	-5.07799581531392	0.000000381437094771208	0.0000369801891304806
MED13	9365.38042853222	-3.17011908309915	0.671905113050716	-4.71810531208127	0.00000238051264436962	0.000185564797913529
LMO2	90.4833485709407	-3.15719786635057	1.28141042926546	-2.4638459265236	0.0137455183915954	0.122478180489018
CGNL1	88.1872477784089	-3.1419782415078	0.96409843003138	-3.25898076756077	0.00111813247552131	0.0283674958137385
TTC39B	54.7938958881758	-3.12324158452411	1.28815223464615	-2.42459043311915	0.0153256657734452	0.128636441271433
DENND2D	458.318633400956	-3.11940393637512	0.887019312693831	-3.51672606417289	0.000436904433734683	0.014290592594681
SERPINH1	812.298973589224	-3.11138527832133	0.731946755709633	-4.2508355342115	0.0000212974518661205	0.00122651479208478
RORA	121.027268831032	-3.11057617736776	1.05383695774198	-2.95166738508837	0.00316063188542132	0.0544334378820077
MYO10	1621.30316368966	-3.10802073548141	0.593386335778583	-5.23776930488865	0.000000162529040863848	0.0000175219308374498
ATP7A	137.848735711079	-3.09999241341666	0.913959017151379	-3.39182868732856	0.000694278344837236	0.0202075485421741
FZD7	47.949026330306	-3.09039473604527	1.34055158207501	-2.30531579490714	0.0211488935719734	0.152407748543269
CPEB4	285.17726620785	-3.08526204470648	0.679019022674327	-4.54370487671336	0.00000552740310885636	0.000381986073307427
NLRP9	115.345533881993	-3.08279258275672	1.13015418681256	-2.72776282982351	0.00637654363880805	0.0810663227137522
CYP19A1	7241.52287620958	-3.08142670913457	1.38837063832509	-2.21945539906545	0.0264557583120128	0.170338174396887
TMEM229B	31.7594617508761	-3.0795627601928	1.49559359934223	-2.05909062565339	0.03948555770052	0.2069651402459
TWSG1	410.497942107928	-3.07333693956472	0.672652341144514	-4.56898274424416	0.00000490097126620086	0.000347607835701699
CFLAR	169.4345139552	-3.06838158940336	0.880252770506589	-3.48579600338832	0.000490675030680601	0.0155416334510695
TMEM27	41.0555633054575	-3.06687534301932	1.55829793626857	-1.96809305309299	0.0490573320210921	0.234411389469771
FAM151A	641.859648365669	-3.06213614159053	0.602444853157614	-5.08284887079847	0.000000371815534283614	0.0000363085952174347
MTUS1	1548.37808860241	-3.06097478000054	0.612684901108748	-4.99600165511053	0.00000058531158141124	0.0000543976473868818
COL18A1	357.47221894469	-3.05703413943072	0.815000044294918	-3.75096193040757	0.000176157447495556	0.0073043008075388
PARP16	95.463395072039	-3.05062260444822	1.12522333257021	-2.71112633034373	0.00670550730593702	0.0832842547970574
ZNF277	1839.34371658144	-3.04544785749026	0.597070588211989	-5.10064960092956	0.000000338489709898521	0.000033295527960529
TGFBR2	474.478865329965	-3.02639058399988	0.744915728827558	-4.06272879854905	0.0000485023688793297	0.00248523925101843
ZBED6	311.018256450989	-3.0167351101206	0.639415156632466	-4.71795996517895	0.00000238221356775308	0.000185564797913529
MTSS1	90.4966566576509	-3.01544810808618	1.02596532744687	-2.93913256853442	0.00329132262415917	0.0558612892735125
TIMP1	87.9744400549212	-3.01542303879977	1.2278681015405	-2.45581999810613	0.0140563544824432	0.123630382316426
FAR2	57.2929450736794	-3.00811838948215	1.35353918720872	-2.22240953044404	0.0262556418498831	0.16994285762201
KCNE3	298.653611938382	-2.99966056802554	0.87126873578407	-3.44286492195326	0.000575586728157079	0.0177091478279561
PBX1	110.21758801166	-2.9918706535521	0.837110356484416	-3.57404568032936	0.000351507564578524	0.0121148745275197
KIAA1671	846.953862413226	-2.99013823005402	0.593270417092555	-5.04009325917144	0.00000046530504654284	0.000044158104276136
RAPGEF2	8953.84503995585	-2.98733049985326	0.52018980763478	-5.74277015044984	0.00000000931401159812748	0.00000141028786849849
NABP1	5309.85946913738	-2.98684857287361	0.651625294803959	-4.5836903458025	0.00000456840626630694	0.000327467249174214
ETV4	563.980895437909	-2.95884904921681	0.669710874811135	-4.41809915368514	0.00000995727419494064	0.000618360493322673
MFSD6	39.2271503813566	-2.95715072002789	1.16896552845281	-2.52971593092386	0.0114154907585149	0.110927390538002
KLHL11	120.965727698817	-2.95647003909538	0.830757271444866	-3.55876516609171	0.000372602490926084	0.0127765678567936
WDR66	192.370691688182	-2.9530581537231	0.877573313848469	-3.36502729415608	0.00076536087531527	0.0218517016011622
PHC1	461.939516662608	-2.94556100961349	0.760327738327525	-3.87406753841807	0.000107033728650708	0.00479198181826226
EXOC6B	263.383400519281	-2.93899713423368	0.799072494421594	-3.67801063702119	0.00023506015928772	0.00931902031686041
GPRC5C	371.211976683638	-2.93255093080244	0.781114628918583	-3.75431572042431	0.00017381566583015	0.00725182635519227
ITPR2	79.5201003723882	-2.92710770001373	0.999419682904861	-2.92880733697974	0.00340265258873745	0.057103544565163
ANKRD23	410.774845680999	-2.92452052478339	0.663637225004119	-4.4068060298535	0.0000104906053005754	0.00064259725922979
CABLES2	114.023789808412	-2.91795109856736	0.917059590306228	-3.1818554970817	0.00146334810226682	0.0338251784325002
HS3ST1	53.7056527055882	-2.90358071049552	1.31007230624949	-2.21635149193251	0.0266674390816363	0.170784341742827
ZNF292	2345.12465983953	-2.89313749918206	0.688561576074827	-4.2017120904052	0.0000264903903358503	0.00147974174358227
ZDHHC13	667.460461907131	-2.88497374565831	0.617375968730264	-4.67296087275917	0.0000029688834248934	0.00022476782603294
PDLIM2	1897.45119708334	-2.87949243693033	0.668311773290665	-4.3086064798053	0.0000164286378500034	0.0009710189634502
ERBB2IP	3424.85733753372	-2.87020800874825	0.601030334569208	-4.77547944531865	0.00000179279603493465	0.000148219137219505
MARCKS	1071.03879898807	-2.86589905805941	0.961241021522668	-2.9814572972756	0.00286880052902146	0.0521726800662526
HDGFRP3	43.4074664075493	-2.86161975744524	1.23497163895576	-2.31715423025009	0.0204953317636481	0.149537136354587
KYNU	271.180255676238	-2.85989141912447	0.988263602374191	-2.8938548503192	0.00380544030474348	0.0607632593672858
LARP6	90.9724229257266	-2.85591817517849	1.19094040795437	-2.39803617049487	0.0164832374787892	0.132931243724813
AK7	171.449654662364	-2.8507470316936	0.891931655273753	-3.1961496319117	0.00139274863396168	0.0329307471447196
GUCA1A	73.7969738879007	-2.84719506063942	1.10276127761856	-2.58187798068864	0.0098264320648293	0.103615804777496
BCOR	359.733133313444	-2.84560680034923	0.724993544266829	-3.92500984712482	0.0000867261902180873	0.00400696898137522
SERPINB6	320.842723094223	-2.84546129324889	0.698022669030319	-4.07645971899703	0.0000457265724391533	0.00237004342380781
MSN	362.604456479243	-2.83978047886094	0.666465931728705	-4.26095370170687	0.0000203556402497439	0.00117730733049592
ATP8B2	260.268245976546	-2.83574274131559	0.890492183770888	-3.1844667398509	0.00145020975228928	0.0336948734859489
ST8SIA4	549.58062111624	-2.82454267395555	0.629023099659506	-4.49036398740283	0.00000711015657792981	0.000477890307240253
SBSPON	115.68870312268	-2.81810170910516	0.870493846112974	-3.23735971447572	0.00120641238035159	0.0296572514568402
NKD1	44.7608504851492	-2.80565081694405	1.12868071569932	-2.48577899659223	0.0129268215746827	0.118504658190765
CADM1	164.129065163824	-2.80114067675385	0.914287004439506	-3.06374329193388	0.00218586388495595	0.0445638452551686
PDE5A	57.7609901860498	-2.80039293629553	1.00446780457255	-2.78793697871405	0.00530448617241599	0.0736440887299642
CPEB2	245.904790437852	-2.79871409502192	0.896211365798807	-3.12282816512529	0.00179122292831499	0.0393135507849719
IDS	75.9122578982147	-2.79546138394156	0.981518234688298	-2.84809928653982	0.00439812010587019	0.0657814279097744
MT1F	70.2735520223264	-2.79240988501693	1.27899354287139	-2.18328692946164	0.0290146864885359	0.178908986807444
FOXP1	64.7975077721881	-2.79017572858398	1.35438212287235	-2.0601096850471	0.03938805620608	0.206534414565422
NFIL3	2807.92553994769	-2.78931743726901	0.678411758300236	-4.11154052556172	0.0000393027869658002	0.00206087298502383
GRAMD3	2564.5588003154	-2.78012181416138	0.625086717475297	-4.44757781030797	0.00000868440052175974	0.000554649201095897
SLC43A2	524.977088542345	-2.778166448249	0.626669035322644	-4.43322757573085	0.00000928327860876089	0.000584586273512438
PHLDB3	2274.75851861594	-2.76767452141672	0.616431605629899	-4.48983228007684	0.00000712792755678917	0.000477890307240253
GREM2	1676.33725594979	-2.76465166578362	0.814830441476413	-3.39291651987655	0.000691527093796532	0.0202075485421741
GABARAPL1	888.5133761704	-2.75605733093176	0.756402970433918	-3.64363631379016	0.000268813182625061	0.0101847321936923
PPP1CB	3277.61262230208	-2.75121129402304	0.484796615151661	-5.67498041041885	0.0000000138704527525869	0.00000192699197210166
NUCB2	288.287284535252	-2.75068438188285	0.768907270550088	-3.5773941634275	0.000347036661633639	0.0120532630210694
FAM126B	429.98624095111	-2.70032355406059	0.567744798965836	-4.75622772587139	0.00000197243959610234	0.000158954348178254
ABCA1	65.2391328942642	-2.68792220736377	1.25760796021413	-2.137329193516	0.0325712260013803	0.186778655997702
PPAP2A	583.499863707854	-2.6849217541658	0.843448793988432	-3.18326586427323	0.00145623834196915	0.0337186733614712
ANO1	2599.23247915573	-2.6842249826162	0.591977410551501	-4.53433684254185	0.00000577847491450631	0.000397299632387179
TBX3	1169.63526274955	-2.6787992522173	0.793848196405872	-3.37444773994008	0.000739639582585975	0.0212978269549756
SLC41A1	63.1260447343618	-2.66978031831896	1.00150330577959	-2.6657728465916	0.00768115735237341	0.0892844821793142
ZNF280A	164.330649371059	-2.66186780470652	0.920836844694532	-2.89070514504612	0.00384378568518497	0.0609968648352544
FRMD4A	3975.85686413142	-2.66114643578504	0.518374120308077	-5.13364061115451	0.000000284190529944047	0.0000281599380994557
SH3D19	652.184105669224	-2.63986425631122	0.652302562242455	-4.04699354121194	0.0000518796722049258	0.00264822144936962
LOC729176	107.853383959711	-2.63293573343213	0.878718823398957	-2.99633473566404	0.00273246305276036	0.0513707365735455
ZSCAN12P1	92.9270840245819	-2.62432981507562	1.26701128188634	-2.07127580676985	0.0383330288381323	0.20351026269973
ARHGAP42	457.200972569305	-2.61981252850326	0.647925661606074	-4.0433844247028	0.0000526851322492798	0.00267918808374074
KAT2B	441.21562525412	-2.61929352662953	0.73672061167332	-3.5553417199504	0.000377488142727916	0.0128460358873773
VLDLR	258.586072252303	-2.61877490177811	0.71347595745463	-3.67044589858466	0.000242127715894434	0.00951286617898948
MAP1B	135.661393477625	-2.61582199953875	0.971243377387558	-2.69327138844928	0.00707546498643092	0.0854270969480726
LOC100505817	217.550300634349	-2.60611912420822	0.958305261990829	-2.71950831073821	0.00653790520602998	0.0819293438176957
SPRY4	553.088158433807	-2.60146565602145	0.997701143712777	-2.60745983144866	0.00912167722069176	0.0992921827350906
ZBTB10	1739.96794398345	-2.59563516976302	0.726031880577152	-3.57509806277329	0.000350096648738466	0.0120971857394861
DOCK4	917.380344414189	-2.5945426550647	0.673637016426153	-3.85154406868781	0.000117375402042215	0.0052031280194766
ZC3H11A	8035.53714144915	-2.59012942555685	0.519598756820273	-4.98486455473328	0.000000620052332001136	0.000057231679630461
CCNT2	2409.34513277813	-2.5898686971052	0.549662629396369	-4.71174236449247	0.00000245607765449237	0.000189132014125367
NEK7	678.453853799291	-2.58554600987427	0.625917735041131	-4.13080803614611	0.0000361490354051784	0.00191789134299285
NFE2L3	6425.69505482764	-2.5844238509423	0.605115052998152	-4.27096275020312	0.0000194630918564583	0.00113543128076897
BNIP3	6959.2936558124	-2.57020736666888	0.547206885925142	-4.69695728028628	0.00000264065653060606	0.000201047951448855
ARHGAP32	1273.75551971143	-2.56960900426146	0.857339825041689	-2.99718843007965	0.00272482233000643	0.0513707365735455
DDIT3	2294.22847153086	-2.56857227681429	0.556987144585195	-4.61154678664474	0.00000399683671284398	0.000295941601880689
MAEL	137.404458822914	-2.54543903585228	1.26430043986181	-2.01331816046073	0.0440811690506391	0.220014012639412
PGF	32195.6924342911	-2.54534715105597	0.678519016447523	-3.75132765531388	0.00017590064640992	0.0073043008075388
KATNBL1	2487.89310989372	-2.54337916786842	0.55878479997968	-4.55162554164127	0.00000532330182039961	0.000373629246519298
PLSCR1	165.837915062395	-2.54277436660462	1.0218204216173	-2.48847479734257	0.0128292329749598	0.118107506901824
TRPV2	1222.90760032529	-2.5333915790304	0.486636540703429	-5.2059213953979	0.000000193036351280237	0.0000204831328334841
XAGE2B	135.788353755184	-2.53290325118298	0.991843670680445	-2.55373233308562	0.0106575150143526	0.107399972376972
OVOL1	24920.4267289259	-2.5314865177859	0.699699592234861	-3.61796197379544	0.000296932009130571	0.0107855950270716
P4HA1	320.003063189504	-2.52964415166465	0.833745972130712	-3.03407061169953	0.00241277949820446	0.0477453987045569
MDM2	3544.62734602529	-2.52929506947169	0.564610048148339	-4.47972025607163	0.00000747409297919582	0.000491321351159233
TRIM24	724.500044156403	-2.52753283545825	0.633802838129422	-3.98788500682311	0.0000666649613397431	0.00320848935362278
IQCD	220.361077223714	-2.52371115908061	0.858214180966617	-2.94065422717453	0.00327519910507288	0.0556577340983129
KLF10	2190.78607859956	-2.52154320213223	0.50185005736359	-5.02449519559459	0.000000504758435765901	0.0000475673054572118
DUSP5	3753.82024450325	-2.51940095163883	0.626153505212258	-4.02361550429201	0.0000573114562207665	0.00284992318830646
MAML3	125.547116382132	-2.51395714380242	0.920570841661025	-2.73086766387949	0.00631678307781427	0.0806711771384819
ZNF204P	75.5846684444288	-2.51333331776508	1.01015907058305	-2.48805697137821	0.0128443155502334	0.118107506901824
KALRN	657.220569971416	-2.51182686192189	0.505939997961523	-4.96467342380965	0.000000688167693986708	0.0000626604584065194
MMP15	135.572835017439	-2.51074065299301	1.1632395390517	-2.15840380996662	0.0308964497715965	0.183844616725364
AMICA1	41.0068589267482	-2.51036357924422	1.16399119422306	-2.15668605716543	0.0310301340957993	0.183844616725364
SCNN1A	72.3943306671762	-2.50655536384626	1.22747797061443	-2.04203694392298	0.0411478668368265	0.212130318857335
GGH	1171.39925090724	-2.49965770021339	0.559251462992127	-4.46964892472454	0.00000783480914888761	0.000507605231203892
PYY2	106.273711191989	-2.49939172697366	0.82405343462956	-3.03304570060705	0.00242098933144699	0.0478376132413192
HCFC2	160.965823356487	-2.49438323846782	0.826151976097821	-3.01927891070308	0.00253377151256082	0.0489886727450066
GRHL3	325.065368155906	-2.49335811630621	0.759632729045871	-3.28232054908688	0.00102956493633158	0.0268884051976828
C2orf72	1216.25247705932	-2.49329805268789	0.659963495571922	-3.77793327875992	0.000158135229163663	0.00682120288624271
SLC4A8	86.7227844236593	-2.48533622667635	0.998186688347093	-2.48985110269487	0.0127796622286072	0.117958033008706
FAM45B	686.643987456522	-2.48505462579248	0.661067637014039	-3.75915335534676	0.00017048931629219	0.00713513672780607
ZFP1	262.179004565715	-2.48302830357067	0.756055115547089	-3.284189541888	0.00102276112340431	0.0268146476634171
PIK3C2A	5484.19079617246	-2.47849139560817	0.589975478708677	-4.20100747412931	0.0000265729817413853	0.00147974174358227
ZBTB38	458.792354125313	-2.46951856675845	0.713967987843119	-3.45886455528462	0.000542457618001052	0.0168825839727071
HBP1	1238.10728419095	-2.45647700710977	0.671131164752365	-3.6602040497049	0.000252014479446851	0.0098439047102196
CCPG1	314.226297298158	-2.44937079883464	0.755027118618253	-3.24408321030527	0.00117829319044955	0.029296455783207
ZNF613	201.800965697281	-2.44833013147251	0.733607055491396	-3.3373862930374	0.000845703179411803	0.0234663135250474
THNSL1	70.4304657730544	-2.44687673622179	0.984256504871708	-2.48601530608195	0.0129182409331712	0.118504658190765
PIFO	45.9430460374321	-2.43930357300405	1.09811944535725	-2.22134630555647	0.0263275148020297	0.170207724299662
RBM7	1032.48061430133	-2.43392589862694	0.696080971423034	-3.49661317942817	0.000471204560462258	0.0151550182739604
TAF4B	1864.1078551212	-2.42648316132233	0.611690222611418	-3.96684967590821	0.0000728288946248445	0.00345578233790283
SPINK5	88.7052258280932	-2.41237825279804	1.00233120280272	-2.40676758944802	0.0160944085087886	0.131250342159518
ZNF600	4223.21411468096	-2.41092444773363	0.719649996077132	-3.3501347333784	0.000807722612966454	0.0227716944191128
LPHN3	792.793001065586	-2.40975360314839	0.659417965959251	-3.65436449648886	0.000257819781650404	0.0100126206844981
ZNF436	385.374827406443	-2.40975025191722	0.733229496672616	-3.2864884225916	0.00101444943868213	0.0267006262415634
LYN	38589.3795831176	-2.40772846441676	0.506326357920112	-4.75528960077691	0.00000198162143766301	0.000158954348178254
KCTD6	273.318204521485	-2.4025915493498	0.698456434400567	-3.43985885306042	0.000582017633949288	0.0178256128070468
ATP1B1	520.681978832318	-2.40170182120249	0.996704468940579	-2.40964287413632	0.0159681424760921	0.13073310328543
MAP2K6	221.004883215946	-2.39899852935266	0.901215650494845	-2.66195835373631	0.00776874897628035	0.0895804661714385
TMTC1	129.479541041151	-2.39866537294361	1.18532310287417	-2.02363842156399	0.0430073687435083	0.217392085966811
TINCR	1767.91460255869	-2.3848405240184	0.578891668880878	-4.11966634211338	0.0000379421428740069	0.0020051306563534
PTPN21	1351.5347738387	-2.38079811086585	0.563696334132348	-4.22354726597684	0.0000240486906347206	0.00136168132350208
SLC16A10	251.56084779838	-2.37792188858619	0.794548508906116	-2.99279636413888	0.00276434128068355	0.0515965540394103
AFF4	5543.97902599461	-2.3741375480877	0.480898336118309	-4.93688035448645	0.00000079382136945565	0.0000708446144025453
GCM1	4080.34047823303	-2.37358784135351	0.640583190340533	-3.70535455370242	0.000211095236934212	0.00854270093971604
CACHD1	358.46587115757	-2.36769614042046	0.771847341313264	-3.06757050739066	0.00215806542998183	0.0441977047635791
ABCA5	41.0268099852958	-2.36643915268966	1.14370632391927	-2.06909685047497	0.0385369992323772	0.204113292796032
C7orf60	95.5509580960166	-2.36480733417466	1.06525793581856	-2.21993871592941	0.0264229279537656	0.170319011060949
HPGD	887.0090356911	-2.36141715142741	0.720080836578305	-3.27937785797556	0.00104036234543778	0.0270133390503265
LOC100506655	2746.26773714148	-2.35677083544115	0.559411349527457	-4.21294783781549	0.0000252059289296723	0.0014153129094011
SENP8	73.7730717269273	-2.35596803346366	1.19071861717612	-1.97861022703334	0.0478599073151228	0.231251384359482
PLEKHA5	389.781111479694	-2.35539534432282	0.747434751274089	-3.15130563612112	0.00162542304223535	0.0363461159684867
PITX2	251.238776750511	-2.35014006543112	0.973888200599825	-2.41315180118586	0.0158152311564339	0.130194644101227
LOC284379	173.608587487408	-2.34909082149137	0.877493919036834	-2.67704512877971	0.00742746299291385	0.0876981994594979
RAB8B	402.30082744522	-2.34782307880804	0.715609907920776	-3.28087000029067	0.00103487430521753	0.0269747894334843
ZNF69	177.856686738449	-2.34778733275377	0.723253353052524	-3.24614787175866	0.00116978061572431	0.029138564838264
GPR171	92.1604250837623	-2.3355560471252	0.944798899534697	-2.47201393680225	0.0134354278442525	0.120945775303371
WNK2	122.237071459041	-2.33226811848452	0.872716558889694	-2.67242335982685	0.00753055741493708	0.0881124544035542
ARHGAP24	433.627285783635	-2.33131008688003	0.65657631267484	-3.55070696562668	0.000384197925206931	0.0129575753866581
SAT1	789.354505592545	-2.33109488333325	0.617451548072956	-3.77534867409193	0.000159784002615153	0.00683571180711684
WDR26	3462.86790069886	-2.33055023431946	0.572129268631509	-4.0734679417712	0.0000463182297003441	0.00239151135418328
SLC9A6	775.56878688969	-2.32456197371191	0.583487242663909	-3.98391224990478	0.0000677899130047121	0.0032394924384805
GLS	733.072716183424	-2.31797982702281	0.619608481878296	-3.74103953515296	0.000183260687313736	0.00752933238487776
FAM49A	729.249034134806	-2.3174448889855	0.597885677045208	-3.87606691038071	0.000106158503073519	0.00477465380638627
AEBP2	1061.57897484209	-2.31308069902867	0.629721275641615	-3.67318175278722	0.000239548970127917	0.00943906994574212
PBX3	121.345238039476	-2.31039286942932	1.02357465777498	-2.257180609035	0.0239967915668972	0.16238793556953
ZNF845	607.757946966003	-2.30822939063689	0.753023502610609	-3.0652820033301	0.00217464844741806	0.0444153272833959
C4orf19	3069.46006818481	-2.3046581309526	0.593090294761608	-3.88584698031344	0.00010197372699691	0.00461140250003478
RAB3IL1	572.110683064411	-2.30330748690346	0.58122521478106	-3.96284852812363	0.0000740607738275128	0.00350190522140197
VEZT	1357.91681984149	-2.29989314618135	0.63069837960081	-3.64658166338882	0.000265752046537577	0.0101847321936923
REPS2	54.0655193103832	-2.28657181610197	1.04132202323026	-2.19583545252299	0.0281037231170054	0.176516562575962
LSMEM1	62.5543536362746	-2.28538332733449	1.11505335906999	-2.04957306190316	0.0404061113904915	0.210297213648023
CDC14B	109.70420533284	-2.28475110221587	0.864592022179435	-2.64257712725193	0.00822777237110652	0.0927069067500263
STAG2	1866.46879575017	-2.2830014958088	0.655007907054933	-3.48545639101321	0.000491298296983943	0.0155416334510695
SAMD15	46.6120583437814	-2.28232935666906	1.16001019181599	-1.96750802085289	0.0491246721392691	0.234586846828062
WDR47	469.312678262718	-2.27924430884331	0.696264555598464	-3.2735320080802	0.00106212360520703	0.0272631956262285
TFAP2C	5449.17250297835	-2.2705280575381	0.511190323603639	-4.44164913281613	0.00000892720424279401	0.000564802837445503
CCNDBP1	2030.57545943923	-2.26811136769977	0.574540931741183	-3.94769326673752	0.0000789078122721473	0.00370152249554173
L1TD1	4112.08657454514	-2.26701722015704	0.561120585480375	-4.04016049102217	0.0000534146369416283	0.00270607386250144
UBE2B	1224.46582956195	-2.26677546412193	0.662089098608457	-3.42367132895877	0.000617812933795088	0.0185426438659746
LTBP1	83.8299610456637	-2.26439612271775	0.932800156690542	-2.42752545277388	0.0152022200888295	0.128636441271433
ZNF432	241.236441532923	-2.26033377956929	0.763949810400877	-2.95874643699852	0.00308893150037866	0.0539202602319985
EPB41L2	202.86840435244	-2.25703951645425	0.909806594758058	-2.4807904553104	0.0131091411958938	0.119443296315152
ARHGAP30	128.004250380484	-2.25590069406622	1.01188297452769	-2.22940868742178	0.0257867247338683	0.168600517494868
PHLDA1	200.029705385256	-2.25376854545541	1.1190269167433	-2.01404319389792	0.0440049987559281	0.219796650568898
TBC1D23	740.655031965352	-2.23061440297774	0.674727517802199	-3.30594846678783	0.000946554946929079	0.0253593925741874
HMGN3	203.071630836566	-2.23017933053269	1.02049639723675	-2.18538677507481	0.0288604997120856	0.178405547761498
SP6	11663.2079136166	-2.22860777423724	0.561586446618524	-3.96841445810586	0.0000723524196308357	0.00344530461818071
RAB30	83.1900057607722	-2.21916005303835	0.917999019604378	-2.41738826038695	0.01563233277491	0.12957533436846
A2ML1	80.4299381582838	-2.21534898810296	0.993769330939493	-2.22923863630265	0.0257980310978345	0.168600517494868
EGLN3	1020.70543532959	-2.21394797303482	0.720321382447727	-3.07355581408897	0.0021152411587324	0.0434694862365875
MBD5	87.8328027648963	-2.21355817398677	0.946562944843644	-2.33852189761391	0.0193601910834452	0.145636335044599
ZNF211	510.059556738968	-2.21151315896573	0.717236447067256	-3.08338089622815	0.0020466301613983	0.0425518122193734
CBLB	7803.12830326987	-2.20409203712249	0.560077019424105	-3.93533739232657	0.0000830798995257245	0.00387399559172548
SPRED1	115.713068382147	-2.19537543452314	0.827480928259718	-2.65308281985453	0.00797602979362568	0.0906281429164415
RNF103	741.941962011586	-2.19459097158624	0.641969887875963	-3.41852634061593	0.000629612233906152	0.0186886662205271
GSKIP	812.959620660729	-2.19072431401358	0.685540645824629	-3.19561550049068	0.00139532922377819	0.0329307471447196
FAM65B	209.953965448692	-2.18708858312866	0.704563263240015	-3.10417629933057	0.00190809594897129	0.040685919316989
TSPAN18	173.541687719779	-2.18601097344532	0.849167593633277	-2.57429863060621	0.0100443536377606	0.104766029119553
NEDD4L	983.444336460744	-2.18338548427228	0.527348945442264	-4.14030501652216	0.0000346844320743697	0.00185479129616748
TANK	873.024360385127	-2.1804674654526	0.598115355062069	-3.64556343019537	0.000266806593137314	0.0101847321936923
PLCB1	92.7986541301732	-2.17534965136747	0.889883855883634	-2.44453210043619	0.0145040172965313	0.12625434862452
PAPOLA	43963.133037793	-2.17497030610245	0.632658497983064	-3.4378267470307	0.000586402760983696	0.017878650694607
NCCRP1	1243.464292376	-2.17030431684709	0.802862099135429	-2.70320932970208	0.00686734825415438	0.0845154201579766
EIF4G2	21156.605825631	-2.16625619403132	0.563443020099361	-3.84467659861916	0.000120711528098946	0.00532459594644481
PVRL4	2235.60980128253	-2.16292010356639	0.507367514399525	-4.26302441953981	0.000020167846887397	0.00117147372695932
PRKAG2	141.877179221241	-2.16282927761102	0.95040053917153	-2.27570291521128	0.0228637967648762	0.158143924067598
REL	169.833849671541	-2.15751295729759	0.936928240358807	-2.3027515495438	0.0212928259734844	0.152865315651251
APOC3	622.13189594245	-2.1569502281598	0.727254498869668	-2.96588090071939	0.00301817344644681	0.053343569450384
NOS3	56.2409150693587	-2.15674938956594	1.04016315259083	-2.07347220884909	0.0381283548978753	0.203009763178099
PLOD2	125.662006445404	-2.15606141426275	1.09896777821611	-1.96189684265589	0.0497744954982247	0.236045361165086
NEAT1	677.057807608089	-2.14752270582782	0.716898379530061	-2.99557478039713	0.002739281255815	0.0513707365735455
MGST2	222.637630328152	-2.14745316271054	0.923804539199758	-2.32457524464078	0.020094683784229	0.14821891553162
DEPDC1B	559.446599147942	-2.14716293060745	0.69493239181466	-3.08974362959341	0.0020032933219948	0.042116038700783
DNAJC3	1594.23403409176	-2.14662643273605	0.493743827793041	-4.34765218702813	0.0000137602587569297	0.000827826995573146
DENND4A	425.704201367604	-2.1449441871044	0.707457403631143	-3.0319057742489	0.00243015049763102	0.0478782282252568
NEURL	201.387743178832	-2.14286237527144	0.850984570979336	-2.51809779912387	0.0117990553990631	0.112753266798156
DNAJB4	73.3587089080086	-2.13897953829391	1.08404441662614	-1.97314750713909	0.0484787590394978	0.23293498608701
RRAGC	704.919222032138	-2.13551205255382	0.514354283209713	-4.1518309893866	0.0000329825808796111	0.00177080980053243
FERMT2	605.766243018398	-2.13451359182361	0.789297151777816	-2.70432192364539	0.00684439443935842	0.0843870626393358
RASGRF2	131.381746150176	-2.13379980304897	0.859396919702343	-2.48290371320858	0.0130316307125729	0.118899292811531
PAIP2B	102.497769010282	-2.13311676988576	0.835945103782449	-2.55174264462334	0.0107185659525211	0.107399972376972
PPP4R2	371.772776950581	-2.11846286373627	0.736513367562844	-2.87634000554037	0.00402316093891476	0.0628228468282912
ADAMTS1	387.472417981661	-2.1163916475408	0.5663185318312	-3.7371047009488	0.000186151422604924	0.00762485279946489
GULP1	722.651718040003	-2.11278372620941	0.583450229170475	-3.62118929872266	0.000293251839365234	0.0107096525400702
THAP6	65.5883453581834	-2.11180670526941	1.04374546695037	-2.0232966485974	0.0430425722222598	0.217488452668607
CAMSAP2	2451.71328425762	-2.10960245777153	0.63298660166836	-3.3327758474054	0.000859841862721907	0.0235992442811414
MT2A	116.831882229667	-2.10693567899731	0.995188737386175	-2.1171217075176	0.0342495198198425	0.191191727516128
ZNF222	130.80597395241	-2.09850256244988	0.819078882572433	-2.56202742751618	0.0104063100030084	0.106642915285583
GSK3B	4125.26176096944	-2.09578391664245	0.555469833236584	-3.77299322346785	0.000161300670685407	0.00685705942636135
FREM2	116.950424052524	-2.09339502140339	0.839940380266867	-2.49231382439105	0.0126913846245601	0.117430192582389
GRK5	152.225204531752	-2.09140959524348	1.00122680862752	-2.08884697974716	0.0367214998634308	0.197961101501006
ERBB3	1992.27282335186	-2.08880517840864	0.519450286434794	-4.02118399576789	0.0000579063512251581	0.00286891907761114
HORMAD1	227.256312156041	-2.08605099898594	0.820153779597033	-2.54348763717322	0.0109751940748633	0.108672808959016
KIAA2018	315.602923646259	-2.07820080066889	0.797856499756934	-2.60473005020579	0.00919466717208054	0.0994760174397858
PDE7A	396.840247463014	-2.07034778652985	0.587819894562686	-3.52207845579998	0.000428177405722855	0.0141078697298807
SLC12A2	288.422882237346	-2.06859823236958	0.730288623844281	-2.8325762785135	0.00461745479763513	0.0680052686917278
UBR1	754.833749397809	-2.06488919299392	0.637123893317217	-3.24095394106626	0.00119130430501343	0.0294799516186373
FOXI3	224.036031397174	-2.06403490864701	0.779012711394627	-2.64955228387977	0.00805985002233133	0.0914083052942014
ERRFI1	6316.93103499499	-2.05807356612464	0.568845527751113	-3.61798320584689	0.000296907657154546	0.0107855950270716
KANSL1L	119.136921535218	-2.05660709697862	0.960778195167784	-2.14056387553578	0.0323092245677646	0.1860679958441
GRHL1	2127.15628810638	-2.05343669407598	0.490221275570206	-4.18879554276282	0.0000280438916239546	0.00154252850418128
LCP1	7035.60502075528	-2.05130230029218	0.735395785234695	-2.78938544587595	0.00528081744383269	0.0734409658133016
CSNK1A1	7551.2855346095	-2.04730427712882	0.456481394374468	-4.4849676292597	0.00000729250049029571	0.000485353472701816
TMEM123	928.11288704475	-2.04200856587051	0.715380775272728	-2.85443589826973	0.00431133312582871	0.0650610584587545
FAM131A	428.544266699768	-2.0387721110015	0.74771776331734	-2.72665999261037	0.00639789273392874	0.0811513886768773
IL6ST	1041.51533334213	-2.03442618120928	0.778940354505074	-2.6117868581888	0.00900703890409613	0.0986018328770101
SMPDL3B	524.349341370809	-2.03011116039212	0.842211999558609	-2.41045147950406	0.0159327904368947	0.13068185266439
NMNAT2	177.60114808193	-2.02057323730293	0.772634145297033	-2.6151746587981	0.00891818381769824	0.0979646814343547
DDX59	238.310922952012	-2.01782134774349	0.885114881524969	-2.27972819106484	0.0226238142354134	0.157722980153353
PTPN12	2347.16738500077	-2.01419510940918	0.682850290528055	-2.94968770951475	0.00318095277032726	0.0546070312521404
KIF2A	1006.36963224703	-2.01184249697661	0.74300056050164	-2.7077267554392	0.00677457736097048	0.0836793808583301
GYG2	117.200835798156	-2.01038769979135	0.918184329319654	-2.18952517005053	0.0285586911738528	0.177596334055872
SEC24D	383.65450727387	-2.00956052945695	0.779780626041327	-2.57708445471233	0.00996376029700263	0.104294733966802
C21orf91	519.564013366417	-2.00810964507366	0.735565559964895	-2.73002129839996	0.00633302339040819	0.0806711771384819
ASCC1	446.997834232902	-2.00757028759325	0.731862585088864	-2.74309730883358	0.00608626466754604	0.0793983568827207
ADD3	888.000240658617	-2.00720630905008	0.770763000499256	-2.6041809320763	0.00920941252693119	0.0995236914297713
MAP3K1	127.655531190524	-2.00449631868413	0.947162776207647	-2.11631661319077	0.0343178887296413	0.191418819751923
SYCP3	138.993066422367	-2.0043843997768	1.01469393887903	-1.97535860122621	0.0482274673407652	0.232118606305717
ACER2	181.397169613907	-2.00424677648494	0.901374186289349	-2.22354578927509	0.0261790193750506	0.169867191211728
LCOR	287.324394897621	-2.00416929475847	0.682331064678704	-2.93723882511811	0.00331148973267736	0.0560797679066442
RB1CC1	3934.85967653464	-2.00064122348136	0.634894643504507	-3.15113892351993	0.00162635113750352	0.0363461159684867
