C4_e6_1__C8_e3_1	0.041648	0.743546	0.224141
C2_e1_1__C4_e6_1	0.091384	0.579788	0.3619
Zygote_1__C2_e1_1	0.065081	0.676969	0.275906
C4_e6_1__C8_e3_2	0.036021	0.705503	0.268135
C2_e1_1__C4_e6_2	0.090005	0.559878	0.384746
Zygote_1__C2_e1_2	0.076078	0.550741	0.40391
C4_e6_1__C8_e3_3	0.037408	0.731515	0.240057
C2_e1_1__C4_e6_3	0.085343	0.580606	0.36522
C4_e6_1__C8_e3_4	0.037242	0.704856	0.267879
C2_e1_1__C4_e6_4	0.093184	0.575008	0.365905
C4_e6_1__C8_e3_5	0.037412	0.69436	0.278653
C2_e1_2__C4_e6_1	0.080034	0.403406	0.561499
C4_e6_1__C8_e3_6	0.043068	0.755182	0.21083
C2_e1_2__C4_e6_2	0.080319	0.420556	0.542715
C4_e6_1__C8_e3_7	0.038591	0.676418	0.296431
C2_e1_2__C4_e6_3	0.073428	0.369563	0.601151
C4_e6_1__C8_e3_8	0.03304	0.702468	0.273529
C2_e1_2__C4_e6_4	0.082739	0.413414	0.549295
C4_e6_2__C8_e3_1	0.042028	0.732055	0.235829
C4_e6_2__C8_e3_2	0.037432	0.696375	0.276545
C4_e6_2__C8_e3_3	0.035869	0.715715	0.257658
C4_e6_2__C8_e3_4	0.036922	0.689272	0.284303
C4_e6_2__C8_e3_5	0.036259	0.672028	0.302688
C4_e6_2__C8_e3_6	0.04056	0.726142	0.243161
C4_e6_2__C8_e3_7	0.03912	0.669789	0.302943
C4_e6_2__C8_e3_8	0.031811	0.681593	0.296013
C4_e6_3__C8_e3_1	0.043848	0.753522	0.211922
C4_e6_3__C8_e3_2	0.043104	0.751433	0.214718
C4_e6_3__C8_e3_3	0.038619	0.739222	0.231083
C4_e6_3__C8_e3_4	0.040787	0.731197	0.237711
C4_e6_3__C8_e3_5	0.040491	0.719872	0.24975
C4_e6_3__C8_e3_6	0.040171	0.736477	0.232701
C4_e6_3__C8_e3_7	0.040026	0.690556	0.280651
C4_e6_3__C8_e3_8	0.036368	0.724282	0.248383
C4_e6_4__C8_e3_1	0.043684	0.753596	0.21198
C4_e6_4__C8_e3_2	0.040199	0.735387	0.233813
C4_e6_4__C8_e3_3	0.037301	0.73975	0.231588
C4_e6_4__C8_e3_4	0.038702	0.720753	0.250229
C4_e6_4__C8_e3_5	0.03956	0.712001	0.258673
C4_e6_4__C8_e3_6	0.041121	0.742976	0.225162
C4_e6_4__C8_e3_7	0.041863	0.70838	0.260669
C4_e6_4__C8_e3_8	0.03397	0.716417	0.258391
