baseMean	log2FoldChange	lfcSE	stat	pvalue	padj
Tram2	124.400081744852	-10.2206396479308	2.78924375831929	-3.66430492761573	0.000248011176611642	0.00431663452892562
Evi2b	83.229890943423	-9.64078244020622	2.77946260864154	-3.46857785034861	0.000523220907763131	0.00779179456651747
St6galnac3	37.5765898060225	-8.49297546292139	1.92047330994617	-4.42233454583102	0.00000976401147966305	0.000271908191685657
Fut2	29.5121346059405	-8.14519222378773	2.49182548655497	-3.26876511526846	0.00108017930377176	0.0138493707419135
Npas3	21.7532105181798	-7.70466244559652	1.66431884837268	-4.62931874690352	0.00000366870685223593	0.000114793425192209
1700096J18Rik	20.4679849682042	-7.61707267865856	2.13327959037109	-3.57059276854261	0.00035617427921308	0.00577342335711632
C2cd4c	19.7174009962849	-7.56221101294009	2.66341743017478	-2.8392887000232	0.00452142290297237	0.0424983726087503
Nr0b1	18.9740928413145	-7.50777765678068	1.78603631097951	-4.20359743563287	0.0000262705988965977	0.000643999681401808
Dnaic1	17.14343691152	-7.36156554773634	2.2899773235514	-3.21468927749891	0.00130585791261053	0.0161194730276499
Plcl2	14.3088702961762	-7.09920664974215	2.43628844375142	-2.91394340762489	0.0035689459858134	0.0356997154500472
Lmx1b	12.7559635573239	-6.93504332126275	2.48825027469351	-2.78711646967144	0.00531793619990124	0.0481136735850714
Cd200	59.7611340159752	-6.88041320686639	1.77442062071475	-3.87755480664719	0.000105511563753316	0.00211692076902187
Fam26e	34.6290668122857	-6.86710009815004	1.34915850142727	-5.08991352082452	0.000000358226847806576	0.0000147137186691999
Rspo3	27.7318313925128	-5.6167840272324	1.99816345848042	-2.81097324815653	0.00493918924196226	0.045484967595954
Clu	26.7600535060675	-5.55186361677243	1.6032928557703	-3.4627882216222	0.000534608997144711	0.00793592289578141
Etv1	20.849686187694	-5.45568010001465	1.64942927495808	-3.30761687260177	0.00094093440642504	0.0124781405243736
Rdh9	27.771944849645	-5.31126481489992	1.44833699762757	-3.66714709601424	0.000245271713936638	0.00428841844848548
Col5a2	53.198090864589	-5.17535993416168	1.12628335316645	-4.59507806770968	0.00000432587281189263	0.000132381215456688
Zfp385c	31.1536950495491	-5.09132134501744	1.68917834309085	-3.01408158933731	0.00257758477420331	0.0277145099583065
AY512931	25.4861513471871	-5.07557031698014	1.77907658506439	-2.85292401664454	0.00433189780377689	0.0412567339396645
Egflam	65.8367760162829	-4.87857027097207	1.11806844329062	-4.36339143658667	0.0000128061505177893	0.000338997794315016
Dact3	23.150280175135	-4.75797243187152	1.68494363943363	-2.8238169636765	0.00474554771576111	0.0440486531023463
Sox2ot	48.7632834664823	-4.74916318877419	1.39240297867464	-3.41076776013125	0.000647802430739366	0.0092418043500153
Sepp1	46.6268004736897	-4.68752647101681	1.43968428728125	-3.25594056448924	0.00113017407099354	0.0143450717999216
E130307A14Rik	46.0065542817339	-4.59917956313563	1.62579408784083	-2.82888195838112	0.0046710924228197	0.0436512019431822
Aoah	27.5659091193351	-4.43239028123063	1.44783958860521	-3.0613821559477	0.00220317698610975	0.0244633463752728
Tspyl5	45.658054271668	-4.30169582171514	1.45463249668365	-2.9572389119055	0.00310407503410436	0.0321272018189854
Timp1	97.363781992863	-3.95361722195699	0.757726250223458	-5.21773822774524	0.000000181121192748326	0.00000794658231216042
Gja4	57.4982569751637	-3.85382552135893	1.03394780888823	-3.72729212077234	0.000193548082717112	0.00352282810948114
Cc2d2a	22.4622130874471	-3.83042377100991	1.31286662203546	-2.91760313402686	0.00352732978140678	0.0354361759569322
Fbn1	141.624426781952	-3.82610895671954	1.19843636680925	-3.19258415605852	0.00141005849599871	0.0172074097268064
Cd209e	61.7761121821822	-3.82209745588418	1.15041019331072	-3.32237794667372	0.000892537093913374	0.0120074265658452
Foxh1	270.781596043608	-3.80023845151013	0.810977044966041	-4.686000023181	0.00000278596230665989	0.0000898057898801507
Cacna1s	47.9786182607849	-3.79081277426326	0.995787049485834	-3.80685084850282	0.000140747569944034	0.00269569348542053
Mcf2	214.603116881879	-3.7418825986965	0.654747954429711	-5.71499700515398	0.0000000109705956320109	0.000000658424886121205
Pdk4	114.874021650411	-3.65947927237147	0.886316166285164	-4.12886440705411	0.0000364559302044379	0.000854313809380066
5430405H02Rik	57.5560699301292	-3.61205405077819	1.23880004276477	-2.91576842596548	0.00354813746628709	0.0355938516430702
Nrg2	111.044221069426	-3.59610464061336	1.04241003523573	-3.44979856204104	0.000561004997543823	0.0082399088457808
St3gal4	148.054017800766	-3.57014132083412	0.945174104571191	-3.77723141542672	0.000158581371797279	0.00297585851874031
Cnga4	74.4993792861798	-3.52344634865601	0.864662702237667	-4.07493735943237	0.0000460267346099582	0.00103534128062853
Vegfc	133.788800603145	-3.50888221716066	0.731913000605688	-4.79412473102257	0.0000016338659877765	0.0000558966830805895
Adam32	68.0923206932064	-3.50628156740821	1.14466153286865	-3.06316012788609	0.00219012831744204	0.0243378664741125
Itga11	319.256334440557	-3.48802657021706	0.70681585336607	-4.934844844815	0.000000802145009609351	0.0000301866678751367
Abp1	111.912926069549	-3.4878449602954	0.846100924065703	-4.12225641302403	0.0000375179248252649	0.000876509371253336
Oaf	35.5313196384435	-3.44600275577445	1.16610305079304	-2.95514427599766	0.00312522864710431	0.032186156569734
Six3	49.9615409537515	-3.40781881460435	0.837455864759718	-4.06925183523804	0.0000471643462794125	0.00105902786590084
Ephx2	316.072885417758	-3.40375750636243	0.428214193946763	-7.94872648893463	0.00000000000000188438572224429	0.000000000000391614728306411
Enpp3	302.699292841708	-3.34828669548795	0.763708419678385	-4.38424745519761	0.0000116387414919029	0.000313458097743241
Slc43a1	59.4955574766985	-3.33431197465492	0.866071209270062	-3.84992820332306	0.000118152453797981	0.0023335528605434
Lrrc15	222.272106139179	-3.28427111658109	0.523109514201927	-6.27836242204786	0.000000000342157600025777	0.0000000283583477545173
Lpar6	34.3101334642859	-3.28414389743139	1.05548236123318	-3.11150997691174	0.0018613318425993	0.0214014736386067
Efcab10	88.6916916516961	-3.28330811767693	0.821698067805698	-3.99575981290163	0.0000644870898947577	0.00137234730191778
Slit2	71.1235293220634	-3.2685654464791	1.01529348368492	-3.21933066547038	0.00128490224388931	0.0159172409643369
Tbx4	66.3971923405661	-3.26591167161971	0.846866591598241	-3.85646535596137	0.00011503839309974	0.00228175866883302
Scn3a	54.8813512177822	-3.25085361195621	0.984524966819756	-3.30195141973618	0.000960146979285293	0.0126721199427189
Slco2b1	33.180074156638	-3.23295363699356	0.995853373992917	-3.24641530713592	0.00116868214984237	0.0146733365684446
Fgf4	751.584051263043	-3.19251740763995	0.358595245739157	-8.90284365332104	0.000000000000000000544338276297397	0.000000000000000180461099027737
Csrnp3	126.171121625389	-3.15130564907115	0.649647322933418	-4.85079448159926	0.00000122967912722983	0.0000444728627728523
Car8	447.224829760721	-3.10587321333407	0.650985472715168	-4.7710330621971	0.00000183283449533144	0.0000619426881383373
Mep1b	1259.96554251711	-3.10352694061684	0.284737527763032	-10.8996062619455	0.0000000000000000000000000011575711102442	0.00000000000000000000000107453467593601
Dync2li1	78.828070182576	-3.08264618332986	1.07468089791711	-2.86842930706639	0.00412515372697767	0.0398326217021061
Gabbr1	506.92759081414	-3.07243155616243	0.36703166994695	-8.37102573902278	0.0000000000000000571188305806512	0.000000000000015294665327019
Pou2f3	374.369015872232	-3.06395424208677	0.484642035835012	-6.32209758034659	0.000000000258036339561703	0.0000000219079145857144
Bmp4	428.779621057963	-3.06122397160801	0.444919855444468	-6.88039415222299	0.00000000000596871814291053	0.000000000670229285660373
Sox17	124.841766403674	-3.01292661591766	0.81406342105376	-3.70109568615378	0.000214670499726052	0.00385686714604587
Gata4	332.259292491703	-3.00760483431992	0.48637560940872	-6.183708179726	0.000000000626130674897049	0.0000000481670912556161
Ceacam2	90.1591893097794	-2.98950940857512	0.848743159574463	-3.5222780588582	0.0004278551244145	0.00669376938466012
Tdgf1	7873.48187020819	-2.96633990457572	0.151073200711068	-19.6351165568336	0.0000000000000000000000000000000000000000000000000000000000000000000000000000000000000775027827343071	0.00000000000000000000000000000000000000000000000000000000000000000000000000000000107914874679249
Slc9a5	199.989008016476	-2.96501520744539	0.742619024232241	-3.99264644547826	0.0000653399545274499	0.00138476944724538
Cyp2b23	341.844646413332	-2.95551360853542	0.439145747948447	-6.73014283376913	0.0000000000169496618021765	0.000000001722679495865
Il13ra1	81.0820590320452	-2.95411685366129	0.971427044163287	-3.04100742450066	0.00235788016539118	0.0257297205508674
Gstm7	244.768655449763	-2.95045640300308	0.597566852659525	-4.93744991020136	0.000000791507268908121	0.0000298670656159259
Lrrc16b	69.7268421457063	-2.92256826821627	1.0391839894798	-2.81236845236546	0.00491781345583105	0.045348102356948
Cnpy1	96.6776971777743	-2.91900605069346	1.04614039686001	-2.79026224343773	0.00526653649416709	0.0477728040031157
Cabyr	110.7301106915	-2.91868565402895	0.768220293018582	-3.7992821597572	0.000145115802505486	0.00276414833664349
Fgf10	800.539486758457	-2.90707145172035	0.277920189716849	-10.46009451376	0.000000000000000000000000131724207097865	0.0000000000000000000000873394218871748
Slc13a5	380.3031468133	-2.89464794746094	0.361945571890046	-7.9974674986224	0.00000000000000127004283805348	0.000000000000276313694954011
Nt5dc2	68.5420048195606	-2.86410234331435	0.95563820166848	-2.99705718996354	0.00272599568208476	0.0289304602723691
Ust	216.66749930549	-2.85575662168484	0.555056946581794	-5.14497951835652	0.000000267549999797584	0.000011341142801674
Plekhg4	88.8437466991202	-2.84197874963202	0.64772855838429	-4.38760760637313	0.0000114604297107666	0.000309854414160609
Frmd5	89.9749999678594	-2.83720845584378	0.975718052645365	-2.90781588815698	0.00363962547844027	0.0361824708516828
Relb	45.2575303949588	-2.82163612182108	0.98886143619854	-2.85341911265975	0.00432515371458827	0.0412489317273473
Cryge	42.2217827930871	-2.81362219918339	0.994845098707358	-2.8282012977088	0.00468103621858138	0.0436997555989171
1700034H15Rik	65.3584763909431	-2.80955135794508	0.974732031593735	-2.88238332883277	0.00394679266933609	0.0385289223295189
Jak3	525.524434989054	-2.80908165857434	0.367875194288771	-7.63596377843647	0.0000000000000224137336230364	0.00000000000390111033708949
Trps1	635.370759627686	-2.80669437424346	0.409932640680035	-6.84672088952823	0.00000000000755619366052347	0.000000000835019369278801
Rap1gap2	264.935294246668	-2.80564684317832	0.626107427442735	-4.48109496901781	0.00000742610553185815	0.000213638622780151
Abcg1	167.656761387013	-2.7888770249576	0.48652463224041	-5.73224219319591	0.00000000991116119754038	0.000000600013080498053
Mamdc2	91.7954356921463	-2.78364442250834	0.769138505451031	-3.61917184327676	0.000295547336262643	0.0049640544151038
Lifr	523.119552097186	-2.76976702707558	0.280614810427675	-9.87035225565706	0.0000000000000000000000559677168271533	0.0000000000000000000299728649654339
Otx2	753.299292228187	-2.76869423352752	0.329439682233398	-8.40425238015494	0.0000000000000000430595801111368	0.0000000000000117561096758327
Dse	640.930130931516	-2.76146166014153	0.408192040282732	-6.7651041363492	0.0000000000133213347985969	0.00000000137397233878269
Trpa1	129.35031059506	-2.74807638558687	0.57066378318253	-4.81557874631739	0.00000146773867403785	0.0000512200333265741
Pdk2	112.103850956062	-2.73702525892514	0.703104643449512	-3.89277084773182	0.0000991057562614805	0.00200573917178031
Upp1	2948.53325685322	-2.72998488543494	0.202843749035805	-13.4585605837578	0.0000000000000000000000000000000000000000274205867623094	0.0000000000000000000000000000000000000636340416797327
Meis1	270.679705446551	-2.71667169380685	0.480585613037752	-5.65283608186882	0.0000000157821801744786	0.000000900619167005903
Tbx15	2984.0866399411	-2.70414037248051	0.234331336367636	-11.5398154356874	0.000000000000000000000000000000831033386932132	0.000000000000000000000000000890100683049462
Slc1a3	297.819299866074	-2.7018136363397	0.475693232191713	-5.67973949070358	0.0000000134900044176134	0.000000782645089628535
Mpdz	271.257184756997	-2.69189751614275	0.709258107229297	-3.7953708088845	0.000147422948066174	0.00280043264512062
Gm17821	124.961029332428	-2.65142834295845	0.721478592058422	-3.67499240052815	0.000237856494442785	0.00420827678350869
Sirpa	296.528207000372	-2.64109992642612	0.511306271792792	-5.16539708610583	0.000000239929012680781	0.0000102792971463606
Eps8	295.471260775824	-2.6211039819486	0.740042596014555	-3.54182853266064	0.000397363685547284	0.006301699268292
Fn1	18754.5272380519	-2.61366744868004	0.209906709716437	-12.4515669471016	0.0000000000000000000000000000000000137126224333178	0.0000000000000000000000000000000272763649659311
Etv5	3325.073630119	-2.60891289307035	0.193062066824036	-13.5133376327532	0.0000000000000000000000000000000000000000130469615102785	0.0000000000000000000000000000000000000363331784138235
Cd109	793.981506611661	-2.60676042195394	0.403495523283935	-6.4604444697137	0.000000000104395897292385	0.00000000950070897973309
Anpep	564.06090557017	-2.59363519286785	0.664508696995774	-3.90308690404445	0.0000949735823069565	0.00194186807642006
Plekhh2	57.9959707811211	-2.58992051099414	0.894441138934407	-2.89557400510407	0.00378465779423686	0.0372684406838431
Slc1a4	312.410076208277	-2.57035249436261	0.563183720733311	-4.56396802630553	0.00000501957268639561	0.000150955788521323
Cachd1	238.157389779611	-2.56903851204712	0.790206022642125	-3.25109963532967	0.00114959562427083	0.0145253806464129
Cd38	200.745353107018	-2.56119945215065	0.63126716462027	-4.0572353445491	0.0000496570374908141	0.001101242240053
Prune2	180.87924891277	-2.56118509798523	0.500749844775789	-5.11469973421959	0.000000314240423731614	0.0000130611452538477
Fam159b	288.655400576881	-2.53232476143069	0.555010726011588	-4.56265913927187	0.0000050509781656564	0.000151572887884913
Rcn1	142.854040915969	-2.52642265974102	0.5558005197034	-4.54555649046394	0.00000547902992806494	0.000162665272320632
Syt9	696.616443903841	-2.51890813727968	0.396552663339401	-6.35201417150439	0.000000000212513739798699	0.0000000183791385897956
Dhrs7	231.768891141496	-2.50551341126233	0.77087478325327	-3.25022100306419	0.00115315355512196	0.0145571261119838
Pet2	87.7565350079512	-2.50087238584073	0.726802857310133	-3.44092261152682	0.000579734318338865	0.00842611758721332
Ankrd45	102.691492837079	-2.49886263346965	0.621605340442211	-4.02001474390802	0.0000581944993098957	0.00125627939285424
B3gnt7	582.066645625943	-2.49065762801557	0.370410536479188	-6.72404638293952	0.0000000000176746128483044	0.00000000178334282101298
Arntl2	145.131078203922	-2.48754172614114	0.561467842716686	-4.43042599573479	0.00000940471183271094	0.000264547894057913
Pecam1	2409.19905392179	-2.48167221193093	0.199790416285487	-12.421377651993	0.0000000000000000000000000000000000200085993213623	0.0000000000000000000000000000000348249671188311
Plscr1	75.1411454220438	-2.45957236110022	0.82773304860419	-2.97145603313509	0.00296391308979058	0.0309831275242072
Zbtb4	135.433771208938	-2.45426112376647	0.816802858599459	-3.00471661910525	0.00265828392398388	0.0283631765191966
Prdm14	211.40200835101	-2.45258452153831	0.508304371431711	-4.82503133827133	0.00000139981255568991	0.0000493442785453832
Oas1e	154.44514631681	-2.44639816990854	0.721051380112217	-3.39282086878165	0.000691768599257276	0.00974917608912784
Dhrs4	452.491592436714	-2.4446928861503	0.468759948792438	-5.21523413518585	0.00000018358519862357	0.00000801329249415234
Pdgfra	4603.32625434192	-2.43427203075387	0.272507225862477	-8.93287149744185	0.000000000000000000415091710122579	0.00000000000000014449342429367
Trpc5	276.36532169293	-2.42375078403827	0.68018829639725	-3.56335267289387	0.000366148229806331	0.00592131004857532
Psmb9	502.591680154346	-2.42209631831473	0.588720567028381	-4.11416969945601	0.000038857550782956	0.000901754228503131
Zfy1	118.096761427504	-2.421258090197	0.800165407131111	-3.02594697123699	0.00247855767804145	0.0268154134491446
Ly6g6e	289.17215465277	-2.41574568264133	0.425701755299527	-5.67473742489408	0.0000000138901545385005	0.000000802516646448469
Spp1	9556.9153750528	-2.39969512940586	0.224824360113049	-10.6736437644	0.0000000000000000000000000135217599157092	0.00000000000000000000000990931500349134
Serpinh1	900.470942272297	-2.398611049186	0.516946942347256	-4.63995596587695	0.00000348483425347893	0.000110029097835466
Gal3st3	158.512220848508	-2.38900222720528	0.586024800094343	-4.07662308288093	0.0000456944726591661	0.00103287311251011
Rgcc	74.4727570032706	-2.37685027083594	0.723122903566178	-3.28692433763912	0.00101288044148139	0.0131806983805484
Zscan10	151.015621579356	-2.3566772979986	0.840713612028156	-2.80318679783631	0.00506003527276989	0.0463221112018724
Gm5662	129.505679522167	-2.34092582455629	0.436111777402463	-5.3677198045399	0.0000000797383015923562	0.00000388208430549639
Oas1g	115.530024159827	-2.33891798577637	0.639569643335889	-3.65701845005802	0.000255166020536235	0.00441906924122704
Fgd1	864.427402344279	-2.33459448944025	0.426805888896268	-5.46992098791695	0.0000000450236250856917	0.00000231519203998587
Cacnb1	76.7730745490227	-2.33417103831749	0.677800577203329	-3.44374306665318	0.000573720630970471	0.00836490687500821
Tat	4860.00762933926	-2.3075495690327	0.167851191769142	-13.747591212855	0.000000000000000000000000000000000000000000526535759599601	0.00000000000000000000000000000000000000183287097916621
Irak3	107.503003716358	-2.29846117396809	0.673540053144652	-3.41250852601406	0.00064367913393361	0.00921129317666145
Evi5l	197.786323680271	-2.29429759200257	0.720328782982227	-3.18506999332162	0.00144719001007138	0.0175375750219617
Rnf130	6667.32575006582	-2.28567390329503	0.214566078070258	-10.6525408109785	0.0000000000000000000000000169669726001339	0.0000000000000000000000118124063242132
Lrrc2	225.219095615697	-2.27467560455351	0.57544357228731	-3.95290818092204	0.000077207069289715	0.00161174097869564
Hunk	194.479321385658	-2.26978605998247	0.553350266976969	-4.10189746972137	0.0000409775856786203	0.000943094054527453
2010015L04Rik	58.7718253326128	-2.26515635756376	0.667778364329316	-3.392078088422	0.000693646684076949	0.0097657597867416
Pacsin1	127.281399261827	-2.25717790928903	0.632056547844135	-3.57116450575186	0.000355397577464136	0.00576992591836726
Tspan17	153.177857747308	-2.252103709504	0.591119194535514	-3.80989778427622	0.000139024257800088	0.00267372067072987
Tnfrsf1b	104.840161368008	-2.24729412112221	0.628352276825382	-3.57648759144502	0.000348241838658786	0.00567125071518706
Ube2l6	373.718780110823	-2.24507541888351	0.364925222111251	-6.1521519556658	0.000000000764385854301823	0.0000000581601564770414
B3gnt3	232.427442769526	-2.24331834442763	0.550466142564352	-4.07530667368044	0.000045953746088204	0.00103534128062853
Sparc	4333.64860017503	-2.24248318784439	0.30504695456259	-7.35127217073813	0.000000000000196329183212465	0.0000000000305924890360017
Sox2	1225.03255142649	-2.23273690302024	0.189382044321059	-11.7895913048392	0.0000000000000000000000000000000441679141018163	0.0000000000000000000000000000559085487230628
9030617O03Rik	544.147526189925	-2.22865934914733	0.394923998291801	-5.64326138392994	0.0000000166858727734442	0.000000944447530477384
Scara5	74.3392295127817	-2.22722999734773	0.646064382004376	-3.447380879345	0.000566049961787091	0.00830524727916065
Smarca2	3740.03497794562	-2.2224192390355	0.311890292241091	-7.12564415861193	0.00000000000103595040458082	0.000000000131132485758031
Plekha6	527.007388754926	-2.21233753910049	0.44790500004795	-4.93930083134516	0.000000784031774017346	0.0000296653761451563
Boc	123.142103997743	-2.20900306764374	0.769164153438694	-2.871952700562	0.00407944020876299	0.0395557976788411
Prss35	339.561474744363	-2.18933396366682	0.400814168701613	-5.46221699387248	0.0000000470224798794214	0.00000240713606559214
Kifc2	154.22709287642	-2.18397870645278	0.527105710281496	-4.14334101083147	0.0000342282393066663	0.000812628373075237
Rec8	238.695988558128	-2.17238576332824	0.517135345096108	-4.20080697234978	0.0000265965282210826	0.000649701857807639
Gjb5	4885.93584554697	-2.15787273737483	0.251438593940436	-8.58210628510758	0.00000000000000000931515087386512	0.00000000000000264702368913669
Abcg4	163.78208406574	-2.14237166992649	0.737787858559561	-2.90377734611844	0.00368690256452011	0.0364346567128304
Fbxo2	246.575478896972	-2.131291242461	0.588086792552682	-3.62411002840209	0.000289958156276724	0.00491165129926656
Epha4	4393.99788973595	-2.12766153637112	0.15467743478054	-13.7554746714665	0.000000000000000000000000000000000000000000472171486351151	0.00000000000000000000000000000000000000183287097916621
Bcl3	128.250714441461	-2.1261895008077	0.562808238368391	-3.77782227739171	0.000158205708968145	0.0029728155083299
Pck2	221.736508068012	-2.12269769927624	0.677827434426574	-3.13161962981329	0.00173844944385659	0.0201886322404163
A630001G21Rik	250.122268461931	-2.11379911270531	0.624279734491633	-3.38598066846849	0.000709243797009679	0.00993512135770903
Liph	186.698919080155	-2.10567838570826	0.590724616197161	-3.56456854509253	0.000364455201683682	0.00590078398632975
Nes	366.382865560074	-2.10267482619041	0.560731902345737	-3.74987550626992	0.000176922382800877	0.00327588731132901
0610007N19Rik	255.537182191044	-2.09189587222711	0.388334047917998	-5.38684641082216	0.0000000717046576092773	0.00000355308061406255
Pcdh19	428.952528964206	-2.08448135085632	0.383191093314135	-5.43979593269796	0.0000000533416353218911	0.0000027106895263577
Mdk	467.633317188179	-2.07205186846154	0.460510169904913	-4.49947037844871	0.00000681229710763005	0.000198651227402206
Necab2	276.168942097153	-2.07165032053314	0.366241433048716	-5.65651543925009	0.0000000154477088697793	0.000000885160075320191
Amer1	159.498131850776	-2.07143963177532	0.733292014223867	-2.82484957096904	0.00473028180955168	0.0439917683100485
Zfy2	105.438116699651	-2.06311423336409	0.626250477858602	-3.29439147163399	0.000986350252424957	0.0129078392056063
Igsf6	91.6094946293556	-2.06217910506283	0.708473987184443	-2.91073369293087	0.00360581204324982	0.0359393893272803
Btk	414.999313431605	-2.06077699801761	0.350629173455818	-5.8773688957667	0.00000000416838607489074	0.000000279041383205667
Smtnl2	70.1574047364151	-2.05334521853896	0.71134304113395	-2.88657525244884	0.0038945960033713	0.0381621074953849
Aspa	261.73921639271	-2.04960389791379	0.461738666017184	-4.43888296293884	0.00000904269696675469	0.000255396577211141
Zfhx2	1153.99774882198	-2.04834554104246	0.3478997006302	-5.88774735169936	0.00000000391494981036973	0.000000265911030046772
Tfpi	107.742868581748	-2.04574855197991	0.637000829588984	-3.21153200585297	0.00132029262737203	0.0162654740516785
Lmo2	474.84862831827	-2.02410861850045	0.537997954671332	-3.76229798073675	0.000168359287841679	0.00313400364158762
Epha7	197.252024257624	-2.02196285943047	0.569639527115066	-3.54954802675068	0.000385893067660182	0.00619029386417093
Slc6a15	186.850494118352	-2.01996616722241	0.557743437870338	-3.62167625841617	0.000292700275455215	0.00493478580092597
Tomm40l	137.237810795732	-2.01706365378961	0.549657003881111	-3.66967697954759	0.000242857153935427	0.00427502277041326
Klb	230.598746324179	-2.01549158980954	0.444069121600105	-4.53868889272724	0.00000566050764613197	0.000166984975560893
Foxb2	254.27628478094	-2.00407223203808	0.588465222112145	-3.40559162501562	0.000660208552358881	0.00938035090106639
Rian	834.412757188307	-1.99833480331655	0.210758885484554	-9.48161591727056	0.00000000000000000000250375317214663	0.00000000000000000120214686789551
Gstm1	371.93952323849	-1.99740288902535	0.493318828435133	-4.04890868520335	0.0000514570155071551	0.00113189175974981
Nt5e	155.139130478428	-1.99131507853851	0.570687374113016	-3.48932737759178	0.000484237702712515	0.00735280891228906
Triml1	522.905935131593	-1.98691115865536	0.477871132182673	-4.15783884994298	0.0000321272522452196	0.000769948124375969
Pdlim4	175.205192855918	-1.9771785366964	0.561332749127731	-3.52229322049851	0.000427830653519872	0.00669376938466012
Zfp202	125.645027307048	-1.96973499169881	0.577725383787684	-3.40946589326721	0.000650902162486824	0.00927652170979174
Plod2	5051.69819423877	-1.95513452266799	0.209150402988204	-9.34798353115416	0.00000000000000000000893345785752747	0.00000000000000000388717085025664
Six1	490.619361067214	-1.95486024742148	0.288614929906854	-6.77324713607983	0.0000000000125923573272193	0.0000000013084774882403
Zfp462	403.816278683299	-1.95372431627625	0.424882266660074	-4.59827220287197	0.00000426009168451918	0.000130655322941068
Rfx2	3113.65761126206	-1.93838321735827	0.287449540136861	-6.74338604415707	0.0000000000154737348334234	0.00000000158423738103373
Eya1	141.878103963005	-1.932442234765	0.555550689168563	-3.47842649184197	0.00050436674915117	0.00757248861758303
Oas1a	146.178397544927	-1.9127831291082	0.553658548338559	-3.45480645941105	0.000550687975433884	0.00811405224332424
Trim44	2116.45410071109	-1.90949237656286	0.286943340415277	-6.65459729366556	0.000000000028407678473369	0.00000000278555292298021
Esrrb	2653.76317273579	-1.89826749019556	0.164485727295243	-11.5406213135336	0.000000000000000000000000000000823283937161803	0.000000000000000000000000000890100683049462
Car9	122.405787042282	-1.88981904859798	0.549806335337927	-3.43724494814423	0.000587663889893898	0.00852357500300275
Pnliprp2	727.63314472653	-1.88489339157805	0.326272403044578	-5.77705430796278	0.00000000760197545117807	0.000000466299146177107
Glis2	118.465614283863	-1.87842408820832	0.518848768190754	-3.6203691776285	0.000294182965848128	0.00494710581699195
Fzd7	204.105034459681	-1.87540353350798	0.530457449187224	-3.53544574853553	0.000407087825644421	0.0064339283589931
Hand1	418.76128311701	-1.86819952247819	0.488377584872553	-3.82531791045594	0.000130603438565887	0.00253895996835847
Tcf23	564.439400185688	-1.8617417291414	0.326872012561192	-5.69562904622453	0.0000000122917871820265	0.000000728301466904411
Gm16381	86.8123466379546	-1.86027938529911	0.609609678021149	-3.05159096446394	0.00227632063899733	0.024976744347832
Atp10d	377.231454651743	-1.85799666186018	0.320917231176971	-5.78964443587505	0.00000000705355798092565	0.000000436505517006261
Myo5c	74.3599313364578	-1.85591561671216	0.639437022533637	-2.90242127263523	0.00370290218616296	0.0365668156313
Trim35	106.669892410418	-1.84766113947002	0.568878930856727	-3.24789869909131	0.00116260654329658	0.0146366487421896
Tor3a	110.209539689553	-1.84083675048595	0.647898749762107	-2.84124139946537	0.00449382816731917	0.0423642947879161
Spic	3915.04214030543	-1.83821692484613	0.282592162230196	-6.50484043980222	0.0000000000777758886311572	0.00000000736701682517165
Pkd2	219.545702879072	-1.83628280868908	0.528450191396469	-3.47484557406738	0.000511147514143803	0.00764909205247137
Mboat1	1140.59123634924	-1.83214684279481	0.314172059040167	-5.83166704382383	0.00000000548763369239945	0.000000348903249008995
2310015A10Rik	142.191810631055	-1.83044234753571	0.599131874952793	-3.05515767739771	0.00224942227703902	0.024798856520579
Lepre1	407.388735860117	-1.82357351339474	0.414910943335753	-4.39509620723373	0.000011072370426628	0.000302021689501801
Pcca	422.134611210563	-1.82143937722342	0.377627772545028	-4.82337240438594	0.00000141151075669818	0.0000495059843230868
Cubn	6926.38223158899	-1.81822240580062	0.147357404342365	-12.3388601605402	0.0000000000000000000000000000000000559422316755992	0.0000000000000000000000000000000865488482056715
Ckap4	291.940006920747	-1.81691144623783	0.565780416504884	-3.21133675403935	0.00132119011436716	0.0162654740516785
D630037F22Rik	180.047087034895	-1.81451396522412	0.538669697789599	-3.36850944589955	0.000755758073237631	0.0104812504101203
Gpr21	167.606037986431	-1.81402550255726	0.524660557818379	-3.45752215508682	0.00054516741388466	0.0080582920073567
Eid2b	136.513398081439	-1.80901651911825	0.60583392850898	-2.98599407195702	0.00282658122490137	0.0297887527285065
Kirrel	647.379293452003	-1.80657467314283	0.4613592079084	-3.91576594153836	0.0000901176449185031	0.00185621018912017
Mgarp	2404.7510284397	-1.79237543429344	0.256398076960234	-6.99059624605307	0.00000000000273720441544931	0.000000000320275918325346
Fhod1	1528.72201944548	-1.78590002798933	0.338889330863847	-5.26986206215751	0.000000136526317579083	0.00000619215780446628
Pald1	604.135471877923	-1.77607720898276	0.331222322613834	-5.36219055215508	0.0000000822187396414269	0.00000398889801661055
Nucb2	861.095366812284	-1.7682201000004	0.252662792746806	-6.99833988525705	0.00000000000259013135218876	0.000000000305635499558274
Il6st	1348.32792230249	-1.76792489878672	0.25872733193001	-6.83315862146706	0.00000000000830650199035365	0.000000000903591669638158
Pdpn	1127.81391519518	-1.76489775797266	0.389150502120545	-4.53525756321896	0.00000575332313902225	0.000169364210122084
Dgat2	361.485069933185	-1.7624229171511	0.345353726508301	-5.10323990121688	0.000000333887300763456	0.0000137545762598531
Ddr2	1812.39211744741	-1.75827203142384	0.245708891132473	-7.15591537335079	0.000000000000831164090009439	0.000000000108160082142911
Clec2i	419.703151056533	-1.75597593316314	0.300715773083865	-5.83932101450969	0.00000000524139916653082	0.000000336319087533526
Rin2	256.66506434218	-1.7515103080728	0.47643290791331	-3.67630001828401	0.000236641202580259	0.00419210191441161
Meg3	795.703547363788	-1.72930950876094	0.390390840070189	-4.42968771616163	0.00000943696399388502	0.000264919932763821
Zfp57	3261.93908274053	-1.72226853702784	0.171971099143169	-10.014871950048	0.0000000000000000000000131131609671646	0.00000000000000000000730350613227202
Csrnp2	1052.4006260768	-1.71981034342767	0.269231526389901	-6.38784902529222	0.000000000168235307679051	0.0000000147397596037349
Pot1b	452.433265180427	-1.71816664426162	0.417674117850856	-4.11365361373707	0.0000389445676886042	0.000902269817797213
Tdh	907.327849490272	-1.71723158734202	0.328459703647661	-5.22813474003526	0.000000171228709615463	0.00000756885254820859
Cdh3	366.885166856134	-1.70733971371426	0.522103408787276	-3.27011792104558	0.00107502660024319	0.013821858740086
Uhrf1	6125.14955264735	-1.70732412636831	0.269248607406755	-6.34106947780437	0.000000000228175603563597	0.0000000196118339754292
Lama1	1582.24709603423	-1.70668373720518	0.374144743527209	-4.56156010937266	0.00000507749357294544	0.000152040904321919
Fbxl20	5169.53800962976	-1.70458879133212	0.191208891283337	-8.914798783108	0.000000000000000000488702877080531	0.000000000000000165968264889495
2410007B07Rik	158.073646274912	-1.69248101128802	0.570792181878974	-2.96514399639566	0.00302541282123644	0.0315313234452815
Apcdd1	327.625269588378	-1.68991922849836	0.278367266239455	-6.07082596789477	0.00000000127254034406509	0.0000000922856862018871
Jakmip1	218.969356113858	-1.68573741413162	0.473497547556771	-3.56018193300041	0.000370597947377589	0.00597678514802574
Chsy1	965.565131853134	-1.68052737361264	0.287664979006335	-5.84196025326958	0.00000000515901171692519	0.00000033256518123364
Lhfpl2	1854.18612304595	-1.67794501231747	0.270006724688937	-6.21445637789412	0.000000000515026387959423	0.0000000407456103746989
C77370	6346.76081155369	-1.67656799778019	0.155858584561743	-10.7569820584122	0.00000000000000000000000000549400079362057	0.00000000000000000000000449990982649252
Amacr	305.070438792975	-1.66035775883698	0.56386184648624	-2.94461802866014	0.00323353588255516	0.0329602881615652
Dram1	640.065186425896	-1.65228196715006	0.299979996687792	-5.50797381623314	0.0000000362987380210186	0.000001940158793784
Traf3ip2	356.495866579503	-1.6516053860787	0.36708579964557	-4.49923529505463	0.00000681983404801722	0.000198651227402206
S1pr2	218.673621038398	-1.64195250668918	0.503096087890048	-3.26369563630562	0.00109969232287354	0.0140092551726361
Dcaf12l1	193.442331379062	-1.64176632674317	0.448633396115976	-3.65948309010583	0.000252724518389839	0.00438223685437125
Zfp428	172.400459451222	-1.63306231558251	0.528058713307243	-3.0925771593742	0.00198426642321928	0.0225358284477205
Dpp4	651.877302292006	-1.62779564331696	0.34317461521065	-4.74334514025105	0.00000210217657462201	0.0000701935410672348
Jam2	1346.59616588675	-1.62590631156978	0.304681710101373	-5.33640930080381	0.00000009480526135683	0.00000453631772897767
Ccbl2	1018.49319237389	-1.62365563227459	0.254521281661376	-6.37925293192085	0.000000000177953923058553	0.0000000154864401541706
Klf2	811.5187103398	-1.6223086501998	0.348789318243198	-4.65125669091913	0.00000329918363227644	0.000104404165672312
Fabp5	6681.00526883351	-1.61515498808523	0.160006498641756	-10.0943086799334	0.00000000000000000000000585421029952728	0.00000000000000000000339641767544241
Galnt11	585.650393549976	-1.61334581939123	0.304237282735643	-5.30291950047782	0.00000011396518508016	0.00000532500415119514
Kndc1	567.23513169049	-1.6117580074599	0.305628800373316	-5.27358025647841	0.000000133787706736662	0.000006087777871246
Pmepa1	1149.6382616014	-1.60894146154659	0.292565609452502	-5.49942101724639	0.0000000381040338059838	0.00000201734055784988
Nkx6-2	264.397736251062	-1.60441209447803	0.533849508386319	-3.00536400104165	0.00265263191194782	0.028324575722363
Glb1l	385.545480398937	-1.60188493714393	0.418786984726447	-3.82505902897219	0.000130740756773414	0.00253895996835847
Tpst1	730.000056360639	-1.59446240627052	0.240980546195655	-6.61656067861991	0.0000000000367652005207001	0.00000000357985071363796
Plekhg5	483.608019481966	-1.58679007722351	0.510957701550529	-3.10552140110289	0.00189943875140373	0.0217319516635543
Maged1	1336.4840186313	-1.58553315150773	0.22613507799455	-7.01144274284566	0.00000000000235873020356185	0.000000000288096134687677
Utf1	3776.7606879498	-1.58192959661843	0.41252295232535	-3.83476746615248	0.00012568314099685	0.00245788210005637
Chic1	436.763653300339	-1.57804787121034	0.372395955683316	-4.23755373045003	0.0000225968353322719	0.00056589628627078
Aco1	3604.87222643941	-1.5671821070236	0.216446088189071	-7.24051942973727	0.000000000000446969547349037	0.0000000000616198413592871
Alpl	3913.34336488122	-1.56248097232241	0.377002772580229	-4.14448138306438	0.0000340583622793241	0.000812035336262515
Dmtn	503.678043494212	-1.55607841881515	0.445826934618211	-3.49031944457936	0.000482443490551093	0.00734960958690745
Slc24a5	1574.12733977581	-1.55306800305643	0.227221065098493	-6.8350529137042	0.00000000000819747657159262	0.000000000898753258132722
Adam22	276.838363728834	-1.54592756107872	0.467385548349644	-3.30760667833536	0.000940968654883101	0.0124781405243736
Letmd1	359.967072100064	-1.53245768841528	0.472737450952628	-3.24166762190551	0.0011883252774789	0.0148738107442275
Poglut1	2514.95278893135	-1.52438001815527	0.192796364906159	-7.90668443825299	0.00000000000000264334553894255	0.000000000000533419467887479
Slc41a1	710.520620722089	-1.51294795648697	0.243645557622552	-6.20962668578911	0.000000000531106186583481	0.0000000417803533445672
Crocc	220.713480573779	-1.50551389430833	0.513974567730096	-2.92916029086272	0.00339879102196446	0.0344681472613497
4930548H24Rik	149.639220353974	-1.50531525180249	0.476316311737655	-3.1603268977099	0.00157592216749087	0.018803033641939
Arhgap39	480.84793949671	-1.50357799691787	0.367680047388167	-4.08936521739106	0.000043255532697916	0.000985744741875259
Ifitm2	1282.32984124214	-1.50275882831897	0.268450143579408	-5.59790659182287	0.0000000216955585281194	0.00000120354166113759
AU018829	509.935482742685	-1.50186877251524	0.247296043259315	-6.07316135236494	0.00000000125416323781973	0.0000000914291566670261
H6pd	317.511442648939	-1.49770824999625	0.538912796113648	-2.77912912960487	0.00545048533341402	0.0489945498918379
Zfp36l1	917.016406636687	-1.49519908451899	0.298663471640848	-5.00630049032918	0.000000554861151989815	0.0000217019288772645
Rab38	272.691723939732	-1.49001364155997	0.384421731631666	-3.87598701882867	0.000106193345699803	0.00212753402233676
Shisa5	870.555866601911	-1.48984328793203	0.3148278816614	-4.7322469664055	0.00000222048016531191	0.0000735930848920559
Klrg2	543.938000612403	-1.48932306015035	0.478950306819242	-3.10955654260062	0.00187368418526195	0.0214725749757921
Mtmr7	1969.93887593607	-1.48698210521838	0.189532594471687	-7.84552181836202	0.00000000000000431156871867462	0.000000000000845553279420075
Etv6	978.569118631836	-1.48402466929549	0.259398957855	-5.72101245728613	0.0000000105891132254275	0.000000638280573813211
Zyg11a	1282.99160652373	-1.48347325034524	0.286051871344782	-5.18602882537061	0.000000214825573256369	0.00000928953814292449
Gm15698	1542.53879376808	-1.48344337829801	0.339331993758994	-4.37165786186258	0.0000123306647017099	0.000328643786896734
Mex3b	346.255273975576	-1.48249265550424	0.43029424056329	-3.44529978733515	0.00057042636762811	0.00835185777376846
Pir	260.166794814925	-1.47817430444212	0.444433634456875	-3.325973080882	0.000881104375991866	0.0119275679478021
Ildr1	1236.76800020074	-1.47695325276091	0.233940718169757	-6.31336547273987	0.000000000273031673075025	0.0000000230405637327069
Oasl2	821.030248313916	-1.47133158402463	0.306278747677343	-4.80389708780789	0.00000155606830278723	0.0000536304332871519
Gins2	3301.82322475562	-1.47064651023691	0.291886732915095	-5.0384150576131	0.000000469402655205409	0.0000185154747056094
Ccdc160	526.518348196765	-1.47056490291282	0.377118171759899	-3.89948035664823	0.0000963993573641483	0.00196237522213216
Cd59a	723.565922742833	-1.46620048738202	0.279741381495653	-5.24127134692372	0.000000159474001929442	0.00000709430032864393
Cd24a	336.027460716892	-1.46485760871007	0.333932890711944	-4.3866826223287	0.0000115092536103123	0.000310571409437961
2310008H04Rik	422.01492443786	-1.46227406233969	0.503333342169859	-2.90518020530065	0.00367041710940713	0.03634913786016
Sik1	1371.21427658776	-1.45958630095325	0.32248643158979	-4.52603941740371	0.0000060099374909483	0.000176173409734661
Rab39	296.546652633509	-1.45001558200867	0.474656341606795	-3.05487455850713	0.00225154672896559	0.0248026397580038
Zscan18	215.78451009305	-1.44619012155179	0.462980449661391	-3.12365267822753	0.00178621167241388	0.0206571522646934
Fam53b	320.662877899942	-1.44602968169027	0.362400992219691	-3.99013720363566	0.0000660350849085354	0.00139737465390038
Psrc1	3106.58806594864	-1.44564634643095	0.29846989306614	-4.84352485800168	0.00000127555754572666	0.0000458937035315195
Gcfc2	396.73968812243	-1.44229417788951	0.433143441925865	-3.32983034783282	0.000868989136154385	0.0117931819998184
Tex14	194.106572389612	-1.43929773703258	0.515934057526366	-2.78969320989054	0.00527580071975702	0.0478256830871724
Kcnj13	356.293292368589	-1.43920649110406	0.492200342398877	-2.92402578204168	0.00345536126023417	0.0348893764956494
D16Ertd472e	619.274982010889	-1.41998192678316	0.340074215589357	-4.17550599748441	0.0000297324420032106	0.000713783659401215
Patz1	841.586503679813	-1.41976456541906	0.368135567231213	-3.85663514149764	0.00011495855425823	0.00228175866883302
Rnd3	5667.46632395388	-1.41601198155392	0.258202426717729	-5.48411569772705	0.0000000415542759009281	0.00000216704770653379
Rgs3	175.077718515429	-1.41501666046119	0.415308844066609	-3.40714309525814	0.000656467007018881	0.00933671767694678
Ddx26b	292.953372479805	-1.41331605479185	0.394042300299446	-3.58671151223569	0.000334874451913734	0.00548563749229039
Whrn	180.528939386946	-1.412921415355	0.505610858422002	-2.79448392339652	0.00519826253661172	0.0472237779837432
Gdf3	1178.64217591234	-1.41235048616854	0.252905773510635	-5.58449285899419	0.0000000234383147564662	0.00000128994108564836
Hmgn5	5015.30551311832	-1.41197888557547	0.278925079225185	-5.06221559387112	0.000000414412004129581	0.0000166770888598274
Col4a2	2721.9741432126	-1.41179453311217	0.398451685220256	-3.54320131017078	0.000395300822356698	0.00628329754622679
Tcf7l2	1739.09188057174	-1.40753353273931	0.194215791967038	-7.24726613878134	0.000000000000425267841064605	0.0000000000592142941898356
Ezr	9290.10446551393	-1.4048337504486	0.19112563760435	-7.35031557282103	0.00000000000019773944363977	0.0000000000305924890360017
Galnt4	344.606494528048	-1.40483366035196	0.502463116761839	-2.79589409349191	0.00517563575964358	0.047101668181227
Fnbp1	4232.8326838782	-1.4029345077986	0.216247655419027	-6.48762875639093	0.000000000087197813738135	0.00000000804067787079332
Tmem164	227.827259755197	-1.39788427462681	0.497696944782103	-2.80870575815735	0.00497410854874656	0.045715833288942
Spats2	667.120656837826	-1.39383543285014	0.483132926241806	-2.88499366766928	0.00391421534866983	0.0383273801089161
Sntb2	1076.93935874973	-1.38219612257938	0.298662594309603	-4.62795190597771	0.00000369299747754691	0.000115294387617406
Mllt3	186.491172262381	-1.38144803918851	0.44151071138472	-3.12891171961795	0.00175455013516059	0.0203247554758537
Adarb1	180.201269458858	-1.38046303498071	0.478123401648265	-2.88725260094309	0.00388622093969754	0.0381337141397805
Ninl	437.644875610686	-1.37978116470187	0.362864564314565	-3.80246874562748	0.000143261344272552	0.00273631132736765
Nrp2	309.828122742879	-1.37910641507216	0.456748918906378	-3.01939721800379	0.00253278216248322	0.0273383401786174
Ezh1	2211.03988339318	-1.3724706732138	0.168088125546416	-8.16518518932975	0.000000000000000320942470761897	0.0000000000000770483269463561
Tet1	34298.2597906369	-1.37123134846052	0.133221188071907	-10.2928923567352	0.000000000000000000000000758626876431693	0.0000000000000000000004592661142363
Itga1	296.62041898478	-1.35962689824497	0.441484706299479	-3.0796693041563	0.0020723055077554	0.0233219884880901
Fam168a	5398.83711030859	-1.35369450028143	0.342137491005116	-3.95658042708097	0.000076030298104083	0.00158955836456644
Lamb1	6460.9482154044	-1.35077014589535	0.24667836490605	-5.47583549294973	0.000000043545209297221	0.00000225399068496099
Sox21	860.331080868303	-1.34618573099629	0.373075375070334	-3.60834785930992	0.000308153136849795	0.00512019603519874
Ppm1a	8617.08670570651	-1.34258723852454	0.128545448850728	-10.4444556421722	0.0000000000000000000000001553440269927	0.0000000000000000000000983186469021073
Rnd1	363.889691642219	-1.33506304255375	0.465950026363908	-2.8652494194969	0.00416680903653996	0.0401513142040017
Sap30	657.980950963135	-1.32645102907336	0.268522026752657	-4.93982205152649	0.000000781938973478546	0.0000296653761451563
Thumpd2	196.515569061686	-1.32576734699329	0.470877754328509	-2.81552342366202	0.00486978468023794	0.0449647757875551
Elk3	368.316144995738	-1.32474877399242	0.419294399271347	-3.15947166548034	0.00158055468394864	0.0188421604617302
Axin2	1384.32483590858	-1.32325454994741	0.215747743261019	-6.13334132698898	0.000000000860522435661103	0.0000000647671048332173
Rab27a	450.507404921077	-1.32129183260307	0.27923528548464	-4.73182259294286	0.00000222512846448977	0.0000735930848920559
Gcnt2	640.258240413103	-1.31663419396322	0.377827715222224	-3.48474752094042	0.000492601614976067	0.00743924608126547
Snx18	2553.87830841229	-1.31648468640544	0.141167350309551	-9.32570232081749	0.0000000000000000000110250970786894	0.00000000000000000465192277950518
Nid1	7311.65493685208	-1.30504565057058	0.163120082774887	-8.0005210172165	0.00000000000000123893843130291	0.000000000000273825059007329
Ahcy	5512.01449500616	-1.30447885010344	0.192195222389028	-6.78725950566559	0.0000000000114283538849152	0.00000000121106971502047
Ccdc88a	1206.97631610799	-1.30261969829034	0.354144709705957	-3.67821306542146	0.000234873721650598	0.00416609133791456
Msrb2	211.187903757449	-1.30142191563003	0.438158764556387	-2.97020628344079	0.00297599837769071	0.0310861225888713
Fblim1	2110.15286947801	-1.29945103332095	0.456521522655945	-2.84641789889998	0.00442141288595991	0.0418196015787515
Deptor	1781.70161396284	-1.29825728616158	0.381990230065011	-3.39866620656929	0.000677153046540809	0.00955286628169628
Dennd2c	835.356750135742	-1.29799097979337	0.284073970876721	-4.56920067610367	0.000004895878368912	0.000147874642969047
B3gnt9	797.564526646114	-1.29445161326117	0.431749157353028	-2.99815666392311	0.00271618008626232	0.0289144430589576
Baz2b	4900.52064652132	-1.28617308352358	0.146177336959995	-8.798717436449	0.00000000000000000138388650071125	0.000000000000000448121758974499
Zyg11b	4994.36577847147	-1.2856767004512	0.166080504101025	-7.74128611549215	0.00000000000000984161461879183	0.00000000000183226015839351
Acsl5	425.872672806391	-1.28345525967481	0.314869102813652	-4.07615497426052	0.0000457865096597698	0.00103327611102534
Aasdh	523.681745026075	-1.28013414922996	0.265894667648973	-4.81444084813298	0.00000147612618317193	0.0000513839524362148
Plod1	1851.80501916428	-1.2800520807312	0.316977192059666	-4.03830973583186	0.0000538377354393791	0.00117682359224162
Mier2	288.206687707164	-1.27879443693437	0.315458877834117	-4.05375954455407	0.000050401023244681	0.00111394261533165
Tcf4	289.514050414399	-1.27285171284074	0.442122705093597	-2.87895576991749	0.00398994287974901	0.0388503249354023
Pde8a	1124.89770921097	-1.27104127749831	0.2094182248347	-6.06939189987679	0.00000000128395481002385	0.0000000923829966677202
Map3k15	1893.90965535986	-1.26945601063456	0.184547950974793	-6.87873262168025	0.00000000000603873794479364	0.000000000672667097146453
Ly96	569.516583612666	-1.26476570232423	0.344960737445225	-3.6664047963576	0.00024598443797596	0.00429208936638755
Krba1	647.375093768395	-1.26427821048423	0.350162585146014	-3.61054625512615	0.000305552801963939	0.00508305521451122
9230105E05Rik	162.036285848549	-1.26392995349095	0.447908113927224	-2.82185098726815	0.00477473573263016	0.0442632625440362
Il17rd	461.179980458739	-1.26354542812472	0.32173451372263	-3.92729214377677	0.0000859076080718105	0.00177489903725454
Gramd1b	339.90797463286	-1.25974451564029	0.434136407737092	-2.90172511033254	0.0037111403478231	0.0366221957498858
A630072M18Rik	322.549715215023	-1.25740196161232	0.412407055918604	-3.04893416241766	0.00229654805024452	0.0251788464973266
Nuak1	1004.66472926883	-1.25720663066816	0.214565626294663	-5.85931051668844	0.00000000464792885641314	0.000000303839255383552
Itpk1	1048.74885378744	-1.2568377021081	0.327177123043311	-3.84145960578583	0.000122304865267944	0.00239855344224064
Fbxo31	509.491550491958	-1.25562747860684	0.349908844821753	-3.58844166756192	0.000332660401285888	0.00546222102300083
Slc25a19	610.455568660665	-1.2535590472439	0.374927199368717	-3.34347321121163	0.00082736681799871	0.011327684930004
Sh3bp4	441.564399336452	-1.24885482204171	0.440809534981179	-2.83309393952885	0.00460998362500182	0.043139694237531
Casp3	853.335937205541	-1.24705347262713	0.44579576866623	-2.79736498253039	0.00515212958444903	0.0469491180195473
Gpa33	965.374357566554	-1.24556379644132	0.373553031177249	-3.33436940001782	0.000854930371294129	0.0116364129911041
E130309D14Rik	666.14634652745	-1.24260968236622	0.338867874777625	-3.66694447852767	0.00024546606603296	0.00428841844848548
Zc2hc1a	219.768571181051	-1.23571743347346	0.430682419005393	-2.86920798004058	0.00411501117357945	0.0397898719311947
Caprin2	688.475118814949	-1.22815798471214	0.418563651864969	-2.93422034913903	0.00334386726629849	0.0339606183923707
Glrx	9133.98789001233	-1.22743994503364	0.192094987078913	-6.38975521276569	0.00000000016615151546316	0.0000000147356286707583
Cdyl2	2083.9562396005	-1.22539870927426	0.226292035096077	-5.41512081392522	0.0000000612473369196521	0.00000305665920885031
Klf4	5668.73999131776	-1.2248179662375	0.260780016563273	-4.69674778910952	0.00000264336513554931	0.0000857953756349384
Elovl7	4395.5506020092	-1.22291561789347	0.173709607587337	-7.03999988762056	0.00000000000192239987300437	0.000000000236880494085955
Zdhhc2	819.144825563513	-1.21835841313623	0.205488262808985	-5.92909004378889	0.0000000030461801999939	0.0000002110199656951
Osbpl1a	527.685530297656	-1.21816985698104	0.343387941110303	-3.54750330789786	0.000388900868036508	0.0062099262460325
6030458C11Rik	1079.24821277462	-1.21635373994695	0.356052085083984	-3.41622417310108	0.000634959527370072	0.00911461490628957
Zfp157	1013.11608513315	-1.21535149219145	0.293982233947017	-4.13409843130347	0.0000356350734427584	0.000838146558474608
Slc4a7	1050.87248305408	-1.21530153943277	0.327570779936407	-3.71004257360412	0.000207224396781558	0.00374240272475539
Rad1	323.20178125815	-1.21400083740517	0.292857435457201	-4.14536457136525	0.0000339273475652814	0.00081029912092449
Gatsl3	788.024266222217	-1.21253009192871	0.303551963907149	-3.99447289459672	0.0000648383381829575	0.00137623326350533
Trp53	4987.86965210608	-1.20907188565098	0.313044886130721	-3.86229559791018	0.000112326537095096	0.00223753176325053
Nrg4	304.087720294988	-1.20471135554821	0.352164591026956	-3.42087588089171	0.000624198125445093	0.00896938565397056
Ephb4	766.135752170799	-1.20388480161439	0.359484147619128	-3.34892319894425	0.00081126280186672	0.0111731189447994
Akap11	761.211556916999	-1.18790192268312	0.257954275979882	-4.60508715418917	0.00000412293153232998	0.000127289797463775
Zc3hav1	3727.5786249916	-1.18726432355583	0.22207400503295	-5.34625528719437	0.00000008979253993558	0.00000432619836007964
Tspan3	1627.20988634052	-1.18587718877864	0.307534007604493	-3.85608472381939	0.000115217569145887	0.0022820617820588
Rhou	1110.05256098183	-1.18388010268577	0.335762446585451	-3.52594554490918	0.000421973724832911	0.00663905327070446
Slc12a7	5438.14974182573	-1.18144557991888	0.273493560000499	-4.31982961469633	0.00001561497163896	0.000404884292552848
Atp8a1	862.971743118497	-1.17776115353402	0.21472383903709	-5.48500417473714	0.0000000413459653317737	0.00000216429030556247
1190002N15Rik	867.906719319483	-1.17587365633392	0.224396363627616	-5.24016359857449	0.000000160434301668349	0.00000711429049818502
1700052K11Rik	248.169551772214	-1.17533898920612	0.3724982116731	-3.15528760239413	0.00160339963647302	0.0190330234767693
Bckdhb	444.365421023216	-1.17480207506596	0.246358403978399	-4.76867058762472	0.0000018544560488491	0.0000625216610754838
Gopc	743.697205024407	-1.17245470978969	0.37129747397663	-3.15772336728443	0.00159006368462456	0.0189231168758226
Mad2l2	1362.19270153183	-1.16906734000893	0.403308793996771	-2.89869042631956	0.00374724679802003	0.036952311909087
Slc44a3	239.138664111475	-1.16900769588938	0.416840644661363	-2.80444748097697	0.00504028982732704	0.0461717076024353
Nudt11	302.096070443764	-1.16750358663942	0.356024219372001	-3.27928136096698	0.00104071818309046	0.0134799627733503
Grb10	877.553797047542	-1.1632279531931	0.250082816669027	-4.6513709685723	0.00000329735560972869	0.000104404165672312
Hist2h4	177.156505757485	-1.16318787752761	0.380436434317079	-3.05750914634568	0.00223184830224267	0.0246954644864622
Kif13b	2773.33610094807	-1.1629086671932	0.229337647309549	-5.0707272915535	0.000000396298302495167	0.0000160408650114614
Pttg1	3565.88391428467	-1.16264858811933	0.171315417199821	-6.78659636781681	0.0000000000114809826474218	0.00000000121106971502047
Insr	1692.70321064686	-1.16137121099282	0.261506153756164	-4.44108558942638	0.00000895061829788306	0.000253825680610435
Plekhm3	3143.01296637272	-1.15884532957152	0.223980928363632	-5.17385715845478	0.000000229310155978403	0.00000988518455679034
Stoml1	454.765999288124	-1.15048619960975	0.384871735408699	-2.98927173331666	0.00279643310805508	0.029565326193287
Creg1	2868.5034319995	-1.14280864713293	0.158361820307054	-7.21644045842043	0.000000000000533660133639725	0.000000000071448881738457
Alg13	21028.5971782321	-1.13849465298404	0.162433734730055	-7.00897910693295	0.00000000000240063295974397	0.000000000290664463751956
Kif16b	4973.47718275313	-1.13836430095176	0.149927074625202	-7.59278671845974	0.0000000000000313097672743915	0.00000000000538218764850158
Tmem106a	459.757844850275	-1.13626134586904	0.406617391625329	-2.79442387185453	0.00519922807017225	0.0472237779837432
Ppap2a	833.363012011244	-1.13361901131306	0.206551162130586	-5.48832066408982	0.0000000405772948545369	0.00000213206888133801
Zc3hc1	1192.03649770693	-1.13057009978301	0.278334968061574	-4.06190464553091	0.0000486739595818197	0.0010880239005981
P4ha1	1520.95842028339	-1.12117417758081	0.213021005211328	-5.2632094964933	0.000000141562113263296	0.00000635959524953514
1810026B05Rik	310.878954350369	-1.10581638243936	0.363934069542159	-3.03850745227155	0.00237753224280439	0.0259035672525887
Sfrp1	1940.47567253139	-1.10483506185207	0.188758028638413	-5.85318182130683	0.00000000482256399912766	0.000000312322702901644
Zscan12	626.997477182256	-1.10471421054237	0.396678168301098	-2.78491305753898	0.005354207735517	0.0483162595653523
Fbxo3	2079.67583176215	-1.10224941330695	0.18127539168764	-6.08052424019176	0.00000000119790240103043	0.0000000882518149838501
Polr1b	4504.35045500878	-1.10107497184205	0.1689403209289	-6.51753806189019	0.0000000000714706894078917	0.00000000681614985832523
Slc16a10	796.257179470902	-1.1008694305438	0.290089746740087	-3.79492706279672	0.000147686866168928	0.00280162387538986
Bin1	702.254690516288	-1.09633972291778	0.336611026063709	-3.25699290287145	0.00112599248209145	0.0143050358764976
Galnt2	717.084223682083	-1.09516840043548	0.326833704693076	-3.35084290484647	0.000805659930201842	0.0111069394733965
Plcg1	854.503000097479	-1.09411759593053	0.310331161355996	-3.52564528534541	0.000422452386792775	0.00663908243081557
Pgm1	1221.40579529499	-1.09282261945613	0.289213852673715	-3.77859708085639	0.000157714367435462	0.00296758763806943
A830080D01Rik	2072.413720903	-1.09214533280766	0.176599004151443	-6.1843232811839	0.000000000623694371859968	0.0000000481670912556161
Arl4a	1087.57668963784	-1.09186455156092	0.344628299355944	-3.16823822536178	0.00153365794272635	0.0184091837883808
Ddhd1	5096.7127078513	-1.09057529612904	0.194800051842812	-5.59843432181961	0.0000000216296315255232	0.00000120354166113759
Adam19	2380.91648210171	-1.08543689013261	0.190433210733181	-5.69982980360201	0.0000000119927098558632	0.000000713617487320678
Ckb	9451.63285119188	-1.08488195459396	0.310008837084114	-3.49951944853625	0.000466097601676587	0.00717120774115447
Hist1h2bh	480.544170586708	-1.0843037143644	0.366917948071579	-2.95516673431542	0.00312500114648885	0.032186156569734
Atg13	7470.07081669122	-1.08389898625524	0.241176646295515	-4.49421203463926	0.00000698280252059345	0.000202138341573271
Ceacam10	846.701513643198	-1.08289359403495	0.369008527900242	-2.93460316539811	0.00333974510486332	0.0339435115621291
Prkci	10908.1217871382	-1.0751366073758	0.139279445690662	-7.71927689720751	0.0000000000000116991502488263	0.00000000000211557101382672
Arhgap44	326.882221478554	-1.07463277330355	0.325169885253573	-3.30483486336852	0.000950323753871655	0.0125662943484415
As3mt	355.045902533041	-1.07297297440004	0.367568138764614	-2.91911311466297	0.00351028823282547	0.0352904356345572
Kat2b	992.573864563307	-1.07216018148624	0.197389724030032	-5.43169198272508	0.0000000558222161262811	0.00000281619035268963
Alox12	1192.60343072522	-1.0715914627569	0.298993397455139	-3.58399707778725	0.000338375871494775	0.00553648135686633
Tmem135	1136.28907882913	-1.07074468030536	0.33898124712552	-3.15871361435188	0.00158467127968302	0.0188750751910234
Pvrl1	2664.67539760842	-1.06900345938364	0.300226508347901	-3.56065646989733	0.000369928795560684	0.00597550875798951
Sat1	8353.9374400618	-1.06332314689453	0.202402341930616	-5.25351207279525	0.0000001492258892351	0.00000665968359522285
Sycn	1897.88467578019	-1.05663492285166	0.238033558031404	-4.43901663105946	0.00000903708339998039	0.000255396577211141
Ago1	891.347110605414	-1.04928487813961	0.238995734433787	-4.39039165542223	0.0000113146680854529	0.000307106117781377
Clcn2	1107.77328691868	-1.04910117929183	0.310769722822592	-3.37581528137065	0.000735973136109669	0.0102579478950861
Creb3l2	873.358323603224	-1.04384481881335	0.371555232289053	-2.80939340399676	0.00496349530166284	0.0456785912626262
Apoc1	1908.02946366084	-1.04358952776636	0.278549554265605	-3.74651300562221	0.000179309711211991	0.00330252436364519
Hltf	1390.89881811023	-1.03780894752694	0.292420672465464	-3.54902729269085	0.000386657002182177	0.00619541093024699
Sdhd	4771.3418420595	-1.03437244404623	0.289557146148573	-3.57225666092	0.000353918291924535	0.00575696062705283
Pou6f1	544.613814227427	-1.0342287218357	0.349969686766865	-2.95519515244376	0.00312471329520074	0.032186156569734
Nedd4	7171.831915402	-1.0334884061074	0.142019747523327	-7.27707536543567	0.000000000000341134703758979	0.0000000000484689756646941
Stk38	3579.35512318933	-1.03301231956296	0.18770205165258	-5.50346845155945	0.000000037239119395293	0.00000197907442160328
Phtf1	521.944785711372	-1.03192759927057	0.357720701772216	-2.8847298860765	0.00391749624413701	0.0383325493347602
Asns	1862.69094186735	-1.03104642085556	0.215049708272505	-4.79445626380041	0.00000163116645146353	0.0000558966830805895
Cryz	3181.0328554873	-1.02760588222248	0.230787817176519	-4.45260020565345	0.00000848366266558612	0.000241567523426628
Ostm1	3074.67858911993	-1.02669048256425	0.202584054724273	-5.06797281731589	0.000000402074806238932	0.0000162275060929591
Tmem191c	511.806295577377	-1.02473321949915	0.345746707736805	-2.96382639825225	0.00303839644350785	0.0316193064868485
Gnl3l	2418.93689082785	-1.01967327301746	0.193638876046709	-5.26584998753814	0.000000139542198799792	0.00000630839472755943
1500009L16Rik	1954.28002563578	-1.01635977662646	0.185813736507127	-5.46977740037789	0.0000000450601151131981	0.00000231519203998587
Map2k6	848.489442323476	-1.00223756871885	0.351641395331083	-2.85016946817427	0.00436959404183974	0.0414456590181039
Brpf3	3273.9656099225	-1.00081112702075	0.272018072971911	-3.67920820880199	0.000233959205347047	0.004156227841915
