baseMean	log2FoldChange	lfcSE	stat	pvalue	padj
Efna1	43.6315690189561	9.10416817143221	1.49750115006183	6.07957340871243	0.00000000120502705065561	0.0000000883094560701509
Ppm1n	32.4590580637485	8.66728729761678	1.71292156901342	5.05994404788119	0.000000419379523889276	0.0000167800014098686
1110007C09Rik	31.4063345933619	8.6291882712301	1.46649017812571	5.8842455271394	0.00000000399873856186948	0.000000270283668618789
P2ry2	28.6952898660568	8.49376986909628	2.17801532542959	3.8997750704169	0.0000962820942281304	0.00196237522213216
Slc27a2	26.8096356317053	8.40722981113031	1.55695356856039	5.39979481784029	0.0000000667171587138306	0.00000331774899261206
Tmem140	26.0446611649698	8.37025446192733	1.9363006590298	4.32280721637585	0.0000154056342019591	0.000400201586992685
Efs	25.4142608615003	8.31574052335744	1.67160136211396	4.9747150916658	0.000000653436734882362	0.0000251338483328785
Nek11	24.8003281809578	8.28095495650619	1.71672118900795	4.82370405254423	0.00000140916460091812	0.0000495059843230868
Zglp1	21.186771393689	8.05072990586653	1.81920637925767	4.42540769296975	0.00000962603119148885	0.000269142285763636
Hcls1	19.2412063105072	7.93366121573751	1.70325636863413	4.65793720888866	0.00000319393591591881	0.000101767422639024
Gm9994	18.742935795632	7.88353624925549	2.69483692077526	2.92542238399625	0.0034398897362755	0.0347583633439042
Cspg5	18.4567681204745	7.86591021623076	1.71035773434957	4.59898538081104	0.00000424553570425449	0.000130496333655716
Xkr6	18.3754629665956	7.84575554052717	1.8715383391265	4.19214256876459	0.0000276332242111481	0.000669156545940916
Tnnt2	18.2445624993039	7.83634991341277	1.78447181100721	4.39141143338639	0.0000112617208038129	0.000306266016547443
Myo1f	18.1377733866718	7.82998301949057	2.34993630316012	3.33199798180106	0.000862248815143672	0.0117245629902934
Lhx8	17.5681950435617	7.79028187511015	1.74812258127015	4.45637048487176	0.00000833589228567711	0.00023784623808559
4933431G14Rik	17.0087349648562	7.74851296552791	1.72074521024819	4.50299842148642	0.00000670013816791697	0.000195993117332092
Samd7	17.0542598469513	7.74404990223989	2.76486497457638	2.80087815262169	0.00509637579076724	0.0465935236445457
Hspb2	16.5780017285383	7.72063048984681	2.14761443605054	3.59497978791996	0.000324416762361026	0.00535210781885654
AI854703	16.3647171238561	7.68491382404098	1.78756382030995	4.29909899536257	0.0000171493864062917	0.000441382728874687
Ces2f	16.2452613453618	7.66856139897791	1.86578046759659	4.11010916458794	0.0000395472113100817	0.000914709917411258
Timd4	15.8663930279907	7.6346121121547	1.86591267795507	4.09162347324945	0.0000428363766311604	0.000977792964282423
Hoxb7	15.4641840699356	7.59718552819236	1.94942359349627	3.89714454751564	0.0000973335295742817	0.001975615256257
Rasa4	15.3372411941886	7.58610997896292	2.43594352957747	3.11423885112754	0.00184420131326398	0.0212395856789807
Grap	15.2934742337738	7.57563132655889	2.05690281165881	3.683028329593	0.00023047953436236	0.00410908711454737
Sh2d7	15.0042754819753	7.56270660882319	1.82545873480863	4.14290745915765	0.0000342930347855227	0.000812628373075237
Ms4a10	15.0087948701901	7.56213849181532	1.79523268434057	4.21234448201519	0.0000252733715669854	0.000625055818292548
Ssc5d	15.1152794706975	7.55907287610808	2.06083170465182	3.66797194503818	0.000244482002009861	0.00428841844848548
Zfp697	14.9601252955101	7.55516028439756	1.87729091323229	4.02450160022839	0.0000570961059147629	0.00123832738124168
Lrch4	254.835261964787	7.49723699621666	1.61096510387523	4.65387920457234	0.0000032574768343591	0.000103555039821041
Ninj2	14.316718451643	7.49205414262163	2.36381774747483	3.16947199107254	0.00152716176347109	0.0183470236363861
Rasgrp1	13.9934109624892	7.45450712164017	1.8939311461061	3.93599690092565	0.0000828520418384888	0.00171671403357012
BC021614	13.0476254472357	7.35627471596336	2.01987160251349	3.64195165019862	0.000270578900392122	0.00462842826665837
Gnao1	12.8482848681994	7.34404593369281	1.91065709540842	3.84372787317076	0.000121179373769779	0.00238656520561585
Nos3	12.881622155259	7.33270011323906	1.9964305319399	3.67290521554686	0.000239808451585222	0.00423205688196784
Fam83f	12.6848129826835	7.3186438801645	1.96598726643166	3.72263035734108	0.000197158059221983	0.0035838496300351
Prtn3	12.3813545516147	7.27859254706952	2.45804493209777	2.96113079627789	0.00306511739900331	0.031826021374886
Cyp27a1	12.2850136772066	7.26359193596657	2.56033449563125	2.83696991481409	0.00455439032807501	0.0427327027817497
Egfl6	11.977879397026	7.25142806262468	2.34258999392882	3.09547470168398	0.00196498134602889	0.0223350206221276
Tmem247	11.94110753701	7.22321369375013	2.54665332880922	2.83635531072759	0.00456316491476708	0.042786200857385
Vpreb1	11.6356400031693	7.20287018570108	1.92780129724072	3.73631359000049	0.000186737765560447	0.00342573998374659
Tgfa	11.5591717327089	7.18773287488839	1.97976035899774	3.6306075339983	0.00028275486677091	0.00480131556697336
Klk5	11.2122169992101	7.15644797283192	2.46176782663191	2.9070361125903	0.00364871072649829	0.0362114384574214
Fam217b	11.2324496121046	7.1485078908955	2.49143985292647	2.8692275603197	0.00411475642387488	0.0397898719311947
Krtdap	11.0630152941471	7.13772415929733	2.39670441501968	2.97814119862533	0.00290002352094525	0.030452434016321
Cst9	10.6338677840513	7.0811172762249	2.4352711288821	2.90773261023936	0.00364059477615682	0.0361824708516828
Chst4	10.3105219243764	7.01736068430036	2.10256276179219	3.33752733179716	0.000845274079540589	0.0115162390249737
Sh2d2a	10.1802730521288	6.99647804882976	2.14175262679949	3.2667068835512	0.00108806273763364	0.0139094743302797
Gm9	9.99818891025121	6.99088191761217	2.47585538882965	2.82362287763374	0.00474842202719203	0.0440486531023463
Pdzd7	9.99250920684886	6.98135837202019	2.09039297864259	3.33973489355748	0.000838583999997223	0.0114368277982836
Agtr1a	9.82451353538974	6.96623364603191	2.4732741494485	2.8166039125041	0.00485343398297657	0.0449031327434988
Cldn9	94.2981886374134	6.84188221747307	0.902509968568778	7.58094919253147	0.0000000000000343035925823414	0.00000000000582491735507954
Gbp3	8.99390687030296	6.82548823268577	2.14875171480036	3.17648995259554	0.00149068953141357	0.017939810747971
Kcnq5	8.24650813310905	6.69539999669854	2.25278610042386	2.97205313697506	0.00295815481945096	0.03096943436544
BC037032	6.97324447208031	6.46538349638651	2.32472985840104	2.78113324566383	0.00541694987170444	0.0487875873309267
Ncan	26.6258850354255	6.46162537492461	1.42065838634811	4.54833156022443	0.00000540728971662347	0.000160878423107404
Mvb12b	43.0171749150099	6.44162743618935	1.46001029295178	4.41204248167729	0.0000102400014822377	0.000282900358410076
Mrc1	11.3749916404252	6.43371091818168	1.87807022773336	3.42570305581518	0.000613210382917645	0.00884802214688632
Nxnl2	29.2708266243001	6.1662098702672	1.79367209174999	3.43775760275734	0.000586552508649494	0.0085163265176596
Oacyl	43.6382136957038	5.7568592583565	1.1266815773732	5.10957077311793	0.000000322891523491546	0.0000133410729171997
Gpr156	20.1291354956127	5.59959370305246	1.52690610423394	3.66728097263179	0.000245143377765249	0.00428841844848548
Tspan7	32.789653948453	5.57402696297048	1.3939254242918	3.99879854820958	0.0000636648386851048	0.00135753325245237
Fgd3	91.978396452889	5.50865933746448	1.32962818635041	4.14300734146193	0.0000342780967831873	0.000812628373075237
Rem1	29.4408916306496	5.34444160525306	1.457866634031	3.66593313853111	0.000246438312314115	0.00429462710971431
Kremen2	124.932811015678	5.32758570061802	1.00766793843295	5.28704496533163	0.000000124308091473937	0.00000575038493582426
Aspg	23.4883693168148	5.24200566978907	1.50683126277743	3.47882725775603	0.000503613105959829	0.00757248861758303
Aph1b	30.6699564948769	5.23744211379351	1.81115882756921	2.8917630160701	0.00383086789512544	0.0376702009687335
Zfp352	24.1962850850422	5.13363253561198	1.48938567505219	3.44681207937098	0.000567242996879405	0.00831399104057772
Tnfrsf9	48.9431029533561	5.12410386706319	1.14204762748598	4.48676897857844	0.00000723114095544665	0.000208892959883069
Ctsf	14.8936146170135	5.07360346149551	1.73793234910384	2.91933311679922	0.00350781156479842	0.0352904356345572
Pla2g7	31.0268124349345	4.91091932389758	1.46687772825163	3.34787230681517	0.000814345237549797	0.0111775459477593
4931409K22Rik	90.7988855284957	4.84135804756903	1.14813098206043	4.21672973137676	0.0000247870755068471	0.000614119642984588
Rhbdf1	69.0821697507289	4.48325338881292	1.04122240477434	4.30575962278162	0.000016641368710454	0.000429896879265977
Kel	35.9817695826608	4.46226459761248	1.21284873878777	3.67916002623086	0.00023400340705382	0.004156227841915
Prmt2	16.7931195078832	4.38862528696985	1.48659697914578	2.95212848440714	0.00315591583596802	0.032454189143293
Dennd1c	46.8400961964912	4.32526925660481	1.19132729807677	3.63063052746912	0.000282729676018696	0.00480131556697336
Vgll4	84.0634120393323	4.29228343351249	1.12250592323578	3.82384034209761	0.000131389013173182	0.00254799529167603
Hid1	41.2965683751235	4.24155489665675	1.21441157034596	3.49268320578371	0.000478193444320075	0.00729284284634472
Pgc	45.6206429691329	4.21492776567252	1.02646720162073	4.10624690103825	0.000040213963950001	0.000927051711986448
Cdk6	61.8590872571184	4.2139625642834	1.43178194021333	2.94315946159757	0.00324881028865612	0.0330675690491578
Snta1	43.4412507994162	4.0976408698045	1.34644054087766	3.04331364468089	0.00233988316146845	0.0255633287779676
Kng2	32.4340517458112	3.92110163027961	1.26579164665031	3.09774648983986	0.00194998158247794	0.0222007715081135
Dnase1l2	39.0343508897841	3.89602993881495	0.968729575537337	4.02179311667437	0.0000577567765394864	0.00124984750602612
Rin3	591.149029090734	3.83545755542656	0.523255766226049	7.32998621895668	0.000000000000230176399892196	0.0000000000348366977402059
Ccr4	26.8427108099326	3.77340587838354	1.31860045329969	2.86167494402183	0.0042140886109238	0.0404948031873726
Clcnka	54.1152788896535	3.72950171068138	0.985444568395932	3.78458802279677	0.000153963409133251	0.00291275340865677
Ptrh1	69.1769225131855	3.66672982237662	1.18737060167131	3.08810898401514	0.00201434583719539	0.0228030499488688
S100a6	57.5067390828329	3.66002520162452	1.23332365053625	2.96761129978586	0.00300123602020061	0.0313027792848489
Ldoc1	161.274917097532	3.61786411951822	0.702609221198295	5.14918394231716	0.000000261622217830194	0.0000111401460583108
Dmkn	89.6663097354519	3.59974823317988	0.998742872085004	3.60427927326774	0.000313020337549851	0.00518868473814777
Fxyd6	116.234092656748	3.57922631068666	0.890873018429591	4.01766159333912	0.0000587785265852327	0.0012649647668822
Ptpn14	200.77212617803	3.535681582695	0.845451253329371	4.18200525313737	0.0000288949292043448	0.000694875637722448
Chst11	35.2283423131879	3.48144195033889	1.09376992129214	3.18297466639607	0.00145770367771482	0.0176189809101572
Acer1	139.734742286935	3.47621830505935	0.774959555435102	4.48567706621492	0.00000726827567143648	0.000209530994718595
Gstm2	99.7632526982827	3.47097986984258	1.22187713643149	2.8406946708076	0.00450153888811146	0.0424082729892179
Serpinb6b	174.751316487553	3.396839407091	0.736756642608148	4.61053109079011	0.00000401641564264314	0.000124553611154038
Pold4	114.429511694925	3.35255997362242	0.517231554998934	6.48173906100786	0.0000000000906713577358012	0.00000000830597358627168
4930442L01Rik	61.2222342033004	3.30381102079439	1.15794250619513	2.85317362746302	0.00432849646927825	0.0412525563574472
Socs1	63.2264752093623	3.24230431058092	0.699984648169984	4.63196488531211	0.00000362211597623714	0.00011384727506349
Pcbp4	269.484351272336	3.12094121887265	0.69690230264024	4.47830521874996	0.00000752379766205444	0.000216002801332879
Creb3l1	66.1802240435091	3.04598046397335	0.986251645766228	3.08844145107296	0.0020120933668212	0.0227960846538799
Elmod1	99.5032882937207	3.01356705006269	0.937215366109153	3.21544776050088	0.00130241197349875	0.0160912017027476
Rab3a	58.7608961818883	2.99476260262682	1.03832466376799	2.88422562530596	0.00392377515351529	0.0383670261499627
Klhl6	41.5812189014865	2.99379163736381	0.992529906660874	3.01632385812503	0.00255859823825325	0.027531624319504
Plagl1	100.412425125034	2.98408329710312	0.891450696998362	3.34744625490893	0.000815598009402717	0.0111775459477593
Zdhhc24	250.528526966754	2.90423770630062	0.68087447485953	4.26545246375961	0.0000199497488295695	0.000503833813095801
Ctsh	191.244772675939	2.86742118398277	0.579469959658542	4.94835174143009	0.000000748445665354266	0.0000285516642312132
Myo1a	195.37760700463	2.8471898368287	0.417978109380892	6.81181567390204	0.00000000000963745429846911	0.00000000103224548962988
Kcnu1	158.702537976425	2.84716856025117	0.59216559939562	4.80806139896857	0.00000152400962827248	0.0000526558562383771
Slc6a13	884.725743659356	2.83913985983039	0.351625421192905	8.07433049123264	0.000000000000000678478811972666	0.000000000000157452316298457
Wipi1	98.1942696479958	2.81950619826803	1.00650934701642	2.80127174837059	0.00509016354407335	0.0465673043283031
Prss32	162.442555299997	2.8121291322588	0.522507366019718	5.38198945151843	0.0000000736670828472381	0.00000363737752327994
Bhlha15	160.583100284792	2.80372501767421	0.763508736406332	3.67215839712683	0.000240510527373627	0.00423907415588657
Nwd1	59.120582612806	2.74347447669847	0.937439919924954	2.92656032497325	0.00342733030223123	0.0346817929711247
Iffo2	1302.07080233495	2.70867720997928	0.286348122835567	9.45938525161806	0.00000000000000000000309758917496478	0.00000000000000000143769438907365
Efemp1	222.954798026052	2.6882643083696	0.371401600063318	7.23816027693821	0.000000000000454811779444197	0.0000000000620862668331471
Nxf7	507.688117203391	2.64541271770927	0.35570630528186	7.43707007277551	0.000000000000102942951548976	0.000000000016667182062418
AU021092	393.09786237194	2.59768219002386	0.388579646121893	6.68507014185967	0.0000000000230814064835654	0.00000000229561074197974
P2ry12	45.6980819539978	2.59059014552378	0.809247751317573	3.20123243012529	0.00136841100554621	0.0167579198251763
Fermt1	178.750639637523	2.54710861321763	0.511040944298632	4.98415761326787	0.000000622323369827321	0.0000242045547527252
Gm4926	1062.21298633137	2.51372569207756	0.362081275358732	6.94243492593502	0.00000000000385398500077996	0.000000000443494935131076
Lipg	185.86553007874	2.50743484960467	0.714076701791333	3.51143629712959	0.000445692266227482	0.00690302459950107
Grhl1	505.7144822543	2.50462679471975	0.473786502637238	5.28640385654351	0.000000124744330940162	0.00000575145716559871
Kbtbd13	318.254285736557	2.50270726349388	0.498269641771093	5.02279700324113	0.000000509243605839834	0.0000199738252611658
Eda	139.681781058778	2.49435840251446	0.619368972615758	4.02725760055452	0.0000564311962351354	0.00122773121309067
Igdcc3	90.9158589513787	2.49260520124945	0.864433107495436	2.88351427037702	0.00393264828135659	0.0384268032769187
Mab21l3	692.433631183359	2.446488137008	0.48436854939501	5.05088148283726	0.000000439775881241859	0.000017495541058319
Glt28d2	53.8699018635354	2.43203702388414	0.735024717683983	3.30878263733407	0.000937025533905307	0.0124495644409327
Krt7	245.178210961539	2.41619910346656	0.74163599580364	3.25793127240049	0.00112227583032797	0.0142708389602617
Usp35	50.2883877099959	2.39954534619325	0.784305243518304	3.05945340289855	0.00221741279348027	0.0245626537282571
Il17re	294.891158334068	2.39561249740001	0.587199118891925	4.07972767724967	0.000045088490020573	0.00102169444803312
Epha2	151.965744241048	2.36288147012308	0.512858229593308	4.60728001185985	0.00000407970453572916	0.00012623512434554
Hapln4	770.556313793846	2.35080484754077	0.376261739870421	6.24779136021204	0.000000000416297240010531	0.0000000338977939760622
Cited4	166.696397989011	2.3333811968326	0.627128309903284	3.72073969550578	0.000198640104484039	0.00360138647765072
Mettl7a3	164.667328161179	2.30821104905984	0.57313877604202	4.02731615019992	0.0000564171504947576	0.00122773121309067
Tcf15	182.027456351182	2.27861864472135	0.740991142642048	3.07509565714484	0.00210435049486337	0.0235160323358568
Vldlr	391.034986603364	2.27230396150826	0.428932839925141	5.29757516795597	0.000000117350602465613	0.00000546484879174312
Mid1ip1	377.137360567542	2.2707129284819	0.492054084728271	4.61476288675841	0.00000393544353905387	0.000122314990709344
Pgm2	560.946892811963	2.26704864742888	0.323508962280021	7.00768421205773	0.00000000000242294901340593	0.000000000290837431574691
Anxa8	148.516841190384	2.26166734227451	0.629236141848881	3.5943061624354	0.000325257188765853	0.00535962259926123
Zfp516	720.80043965792	2.26137921977766	0.621696289501475	3.63743399786255	0.000275367724435414	0.00469879925862586
Sh3bp5	463.734722869349	2.25679249745231	0.411955889022285	5.47823822304972	0.000000042958153001003	0.00000223190045666405
Cdc25b	124.875807753856	2.25384660732947	0.679215628100784	3.31830793356693	0.000905645824237972	0.0121294995504177
Phldb2	471.163983264712	2.24560002548789	0.652564874345663	3.44119046821144	0.000579160690407996	0.00842611758721332
Arhgef17	113.29968949666	2.22468011043358	0.712098187589997	3.12411988852649	0.00178337776790308	0.0206415228930029
Nfam1	100.845795033158	2.20395202678667	0.770375074268056	2.86088179693596	0.00422464530917499	0.0405221147432607
Eps8l2	708.426874031871	2.20114043013309	0.542152334444031	4.06000360099957	0.0000490719591143973	0.00109499672870011
Gpr137b	1585.36937262908	2.18175726694395	0.200587182798181	10.8768528303182	0.00000000000000000000000000148605417289042	0.00000000000000000000000129323864395789
Tacstd2	652.130652561071	2.176242613071	0.351376596997298	6.19347626355357	0.000000000588515549481281	0.0000000460364635448166
Ggta1	3438.39647767921	2.1731411468124	0.252713097664593	8.59924225097601	0.00000000000000000802441447059098	0.00000000000000232774889767727
Zfp947	193.081325524939	2.16966331948973	0.540019311730124	4.01775135140728	0.0000587561481182389	0.0012649647668822
Acy3	135.734116154449	2.16290521564634	0.665876741761801	3.24820658238287	0.00116134919309208	0.0146340508277051
Adh1	4022.88860535505	2.15796073519309	0.245936519639117	8.77446236272534	0.0000000000000000017172229505916	0.000000000000000531346941423055
Dusp4	1296.01104455539	2.15741604506534	0.275779786165154	7.82296655989625	0.00000000000000515928135924399	0.000000000000997747689529351
Akr1c14	312.103486850213	2.14480089224973	0.506793452177788	4.23210063790901	0.0000231518765808859	0.000576684668179347
Lamb2	293.259924717431	2.12766201200336	0.443113134366258	4.80162253607388	0.00000157385153583029	0.0000541094044071627
Agrp	106.493217811159	2.11451341892311	0.718343748915788	2.94359548908805	0.00324423724715534	0.0330451788071624
Txndc16	1092.01279007592	2.08814289907203	0.326896683201556	6.38777634150707	0.000000000168315266948711	0.0000000147397596037349
Plat	385.789183000344	2.07219169159228	0.420454606034724	4.92845520503382	0.000000828823317269138	0.0000311065656864029
Vgll3	809.134079441198	2.07168032500925	0.489499177036179	4.2322447558602	0.0000231370421165849	0.000576684668179347
Cxcl16	248.759830728686	2.05881995187815	0.572517304868667	3.59608335742871	0.000323044321478489	0.00534212486017396
Vtcn1	924.171516242653	2.05618452820929	0.276211748889455	7.44423268190597	0.0000000000000975095040702667	0.0000000000159732039373458
Smtn	1874.11387869559	2.05571485814381	0.28539302147422	7.2031013495875	0.000000000000588581896775438	0.0000000000780515650542971
Sfpi1	175.803726353214	2.05367706052228	0.39414039924716	5.21052159191236	0.00000018831046223564	0.00000818577496496314
Pik3r6	209.405214471244	2.05042293646076	0.42478034122445	4.82701937323728	0.00000138591644206826	0.0000490363035222783
Rab17	832.139259024816	2.04173482544733	0.226822408902315	9.0014687496183	0.00000000000000000022271787012301	0.000000000000000079515990348533
Trpm6	1783.63171339136	2.04018338306052	0.305794854329332	6.67173876269122	0.000000000025279026392482	0.00000000249634867722638
Eepd1	138.423406927397	2.03995393529677	0.701990241516298	2.90595768238954	0.00366130961562631	0.0362847509522995
Peli2	747.410000172091	2.03128754482413	0.465357892950845	4.36500073511957	0.0000127122331053507	0.000337152635731244
Cnksr1	261.856061005108	2.01982644472985	0.412633776947536	4.89496148296814	0.000000983249843606965	0.0000361234058638084
Fam213b	1260.72163994731	2.00635642292517	0.249081513822035	8.05501938758361	0.000000000000000794662120666617	0.000000000000181391399478065
Gata3	8223.10702858283	2.00611789831994	0.222350643566861	9.02231658131766	0.000000000000000000184153154274849	0.0000000000000000674775926348157
Nlrx1	404.96620538554	2.00437150671103	0.394368409262675	5.08248495476217	0.000000372528826402734	0.0000152114116681281
Slc15a2	3639.28710396811	1.9980205258956	0.315645206476143	6.32995681512628	0.000000000245229823683676	0.0000000209483439568804
Frmpd1	1825.7207153595	1.99081665975489	0.297219903540987	6.69812699633136	0.0000000000211107771136815	0.00000000211472273763238
Dapp1	587.634441695979	1.98881752306202	0.463483381294652	4.29102229621836	0.0000177852454565691	0.000455223819369979
Epn3	1286.34143982347	1.98826591901046	0.459822854435458	4.32398237676013	0.0000153237542990212	0.000398818607214151
Lgals4	442.877198729964	1.9874384730712	0.340577305914969	5.83549883845577	0.00000000536298703523926	0.000000342542346232438
Arhgef26	531.194108332805	1.98696241380962	0.56541134085248	3.51418917564306	0.00044109855638117	0.00686240927268314
Krt8	13840.1466032239	1.98598461376178	0.162984317116878	12.1851270655544	0.000000000000000000000000000000000373071409557108	0.000000000000000000000000000000519464630667317
Krt18	20951.3748853531	1.98598253050941	0.133991928783165	14.8216579054046	0.000000000000000000000000000000000000000000000000106132255161346	0.000000000000000000000000000000000000000000000738892760433288
Rragd	8226.85215497072	1.98130690884264	0.344478605232114	5.75161092372518	0.00000000883970516081137	0.000000539842344996217
Dab2	23791.5132398855	1.97617951095328	0.241924750252815	8.16857104900654	0.000000000000000312063593115229	0.0000000000000762311135181833
Capn2	2686.69810595587	1.96824028057671	0.244694880578304	8.04365124405151	0.000000000000000872004652698145	0.000000000000195835367486596
Kctd1	136.074637902421	1.96314981805544	0.650604008390462	3.01742656475804	0.00254930800138979	0.0274954024874914
Lgals1	4384.69560329194	1.95823703166368	0.252971818396113	7.74092957895174	0.00000000000000986925537773006	0.00000000000183226015839351
Sh3d21	2238.23894159425	1.95235890867769	0.396498049546285	4.92400633726138	0.000000847900885737219	0.0000317370213252824
Csta	1088.62113447771	1.95027303099274	0.441910943212965	4.41327163525993	0.0000101820112261123	0.000281857503603155
Mdfic	70.3221965491851	1.94245789433963	0.645281112760159	3.01025065809049	0.00261032172401599	0.027978006475237
Cish	943.611419000553	1.93558731133889	0.389433859194677	4.97025943080951	0.00000066863375615694	0.0000256475383491163
Ptges	6532.84526566706	1.93412394231466	0.208549812883139	9.27415812834341	0.0000000000000000000179027213556435	0.00000000000000000733169094576412
Snx24	160.368716723899	1.9305265254351	0.632543868206753	3.05200417309885	0.00227318940510784	0.0249620577892126
Ccnd1	130.260608841505	1.92222068848082	0.549824823107725	3.49606021353497	0.000472182135687267	0.00721697481592701
Ngfrap1	1505.01457593889	1.91111382475021	0.464147940431972	4.11746699332886	0.0000383059369687537	0.000891926197914592
Lrp2	88757.9979327567	1.90998051759452	0.210412465222249	9.07731638226419	0.000000000000000000111284756249294	0.0000000000000000418791607031129
4930412O13Rik	138.997452687052	1.90589143271061	0.523684724340981	3.63938710472991	0.000273287716785438	0.00466902842763243
Endod1	466.948498000106	1.9055362636868	0.406964821741992	4.68231198836857	0.00000283657316147058	0.0000912158076219776
Spsb4	551.897226208414	1.90313519191338	0.442875432668058	4.29722457271593	0.0000172949954275104	0.000444309070724455
Fosl2	467.9279331704	1.90248404452705	0.531860836832109	3.57703352602291	0.000347515617079869	0.00566605088081979
Muc6	468.376801424019	1.89511990885359	0.537229766645812	3.52757800574929	0.000419380169938742	0.00661319307613482
Arhgap8	1089.65521359443	1.88246324822924	0.397006301440501	4.74164576582008	0.00000211989048861114	0.0000706156822091424
Cdx2	4095.35886589909	1.87644194527024	0.249543060968642	7.51951161449462	0.0000000000000549812343512336	0.00000000000922359888080213
Fam211a	250.032493154729	1.87577039496653	0.391358958606182	4.79296654316297	0.00000164333038539787	0.0000560826771722547
Tmprss2	1932.24007657835	1.87441951183432	0.276596877933104	6.77671970067448	0.0000000000122935061959118	0.00000000128702842309681
Sec14l2	173.113236458088	1.87161385468681	0.487020192813844	3.84299025441478	0.000121544296959469	0.00239037117353623
Rbms1	984.050278194144	1.86747017146261	0.227745522892368	8.19981068231655	0.000000000000000240765898835215	0.0000000000000609531704614824
Crb3	484.68115712689	1.86436668563856	0.381234234225755	4.89034435594402	0.00000100659725087285	0.0000368838424240881
Slc5a11	2613.92002512836	1.85753821584703	0.172977634365149	10.7386034192481	0.00000000000000000000000000670509797059659	0.00000000000000000000000518676578569927
Tcea3	150.814375729405	1.85463416247991	0.591367040948859	3.13618114310889	0.0017116344771831	0.0199437644019225
Aim1l	729.604225548456	1.85199627309583	0.397516015025836	4.658922415932	0.00000317868968346474	0.000101747299201294
Adap2	595.6432759721	1.85001886112867	0.252040405564363	7.34016776788688	0.000000000000213326280692807	0.0000000000326412651908422
Wnt7b	1292.09997274824	1.84601676827428	0.375530841504874	4.91575275382625	0.0000008844196113831	0.0000330151706940973
Nav3	448.800772397182	1.83701990949685	0.450301682567491	4.07953152433873	0.0000451265502399	0.00102169444803312
Neu1	1845.78153730284	1.82204282614814	0.26146919491061	6.96847988831363	0.00000000000320383769252548	0.000000000371751966922707
Nid2	1655.10900931387	1.81259461509515	0.25393675899991	7.13797648766476	0.00000000000094714827181086	0.000000000120991674648573
Tspan8	6270.59451239608	1.80218825743626	0.555594181222137	3.24371334032333	0.00117982419216182	0.0147998847312262
Cgnl1	2635.63650772401	1.79172177865361	0.247679732969413	7.23402660836556	0.000000000000468879846229469	0.0000000000633852716397974
Tinagl1	1244.33658554305	1.79101806238921	0.321854824996426	5.56467675266045	0.0000000262638799627981	0.00000142850884610157
Fabp3	11406.2499774158	1.78851234362772	0.248706789188678	7.19124857613313	0.000000000000642014722459613	0.0000000000843340848634684
Sema3b	237.221642479808	1.78707610985957	0.48914413489813	3.65347549394974	0.0002587144908591	0.00445834229049767
Ada	129.201390848161	1.78294393735139	0.468294742772267	3.80731145260462	0.0001404857729177	0.00269438554009099
S1pr5	286.888633744093	1.78234447762091	0.411973732970004	4.32635465560296	0.0000151597269721914	0.000395288461349799
Susd2	986.340530664332	1.77839654583213	0.371720432249397	4.78423135115412	0.00000171642896350035	0.0000584341244199974
Pdzd3	901.665231440284	1.77787625505978	0.540805664759285	3.28745863978906	0.00101096038169355	0.0131680190408802
Anxa3	393.437985318448	1.77628658017549	0.367006873275004	4.83992728616962	0.00000129886643393558	0.0000464920725607173
Zbtb5	601.390635164078	1.77560300838563	0.290952972791762	6.10271478358958	0.00000000104281834219267	0.0000000780656053585526
Homer2	581.796253009429	1.77496246568224	0.570505199546701	3.11121172443747	0.00186321295981665	0.0214054267759794
Cryab	1166.39833155054	1.77143553338054	0.422016789280087	4.19754753454812	0.0000269821035162991	0.000657966391175043
Smpdl3a	3067.69651227068	1.76648486011746	0.283381799433027	6.23358615003411	0.000000000455876460604385	0.0000000364805967669854
Syne1	805.602625494895	1.76518454280614	0.445636718101515	3.96103927505371	0.0000746242559244288	0.00156486165586106
Frk	870.014130460011	1.76099607407584	0.420015805151917	4.19269001898369	0.0000275666006373202	0.000668706179919941
Mt1	9685.35471176312	1.75698591307034	0.578624237381613	3.03648862173669	0.00239351142179261	0.0260572736802504
Serpinb9b	2268.08128919612	1.75472661727182	0.407919183213967	4.30165260541671	0.0000169528955275664	0.000437133550603398
Myo1c	3760.72221892288	1.75203566220395	0.269672877268794	6.49689238290591	0.0000000000819960717556851	0.00000000766250539010845
Xylb	1682.80068755879	1.75192727965912	0.296606834778275	5.90656409171675	0.00000000349316433885622	0.000000239600099774552
Dppa1	5868.62110555685	1.75073937810069	0.302477857625298	5.78799186110827	0.00000000712328618893648	0.000000438870074755538
Gucy2e	362.747726174608	1.74158588655274	0.426189142333314	4.08641542817786	0.0000438089071884525	0.000995098244195778
Myof	668.085093685978	1.73810310766764	0.401411461439672	4.3299787739839	0.0000149123715130824	0.000390300490504059
Acot2	941.947737702033	1.72651872926386	0.275260724622783	6.27230321953807	0.000000000355745917052741	0.0000000293100955564637
Gyltl1b	616.251710076448	1.72455106943063	0.397926940309713	4.33383843800168	0.0000146531729852589	0.000384963737069329
Lmo7	1498.70496195563	1.72403797482526	0.296739335319151	5.80994081209695	0.00000000624949328852069	0.000000391972723195325
Shroom4	380.624950944619	1.72311341804957	0.440226637747092	3.91415073578418	0.0000907229506771204	0.00186591782160742
Ell3	353.477421072986	1.72076516529166	0.599157941853075	2.87197255529932	0.00407918391561644	0.0395557976788411
Fsd1l	88.3139548928009	1.71824493885115	0.545027809785264	3.15258213985104	0.00161833283707905	0.0191612809723544
Lrrfip1	7669.92717463522	1.71698273385447	0.177920141725223	9.65029994471425	0.000000000000000000000490121612402687	0.000000000000000000252757530781297
Slc22a23	1769.67913076441	1.71411475826494	0.196701506970959	8.71429398107257	0.00000000000000000292576245503038	0.000000000000000866772689869001
Mbnl2	1147.41139520605	1.7130564101736	0.251204766068188	6.81936269357484	0.00000000000914452664855475	0.000000000987041775616096
Wipf1	1851.58472201704	1.70877653862619	0.281697351957574	6.06600142582648	0.00000000131133966144872	0.0000000936363766462155
Fam107b	3207.22607383296	1.7034428881177	0.279361376001705	6.09763207963043	0.00000000107651163902889	0.0000000797305747970117
Mon1b	1579.20058564237	1.70011666947409	0.29606442187333	5.74238761522478	0.00000000933508336387509	0.000000567605680168545
Gng2	461.128090089194	1.69886445746833	0.470070608010953	3.6140622887631	0.000301436592928588	0.0050447152883866
Il1rn	83.4974123249634	1.69712418870205	0.600695276850121	2.82526641061886	0.00472413192083217	0.0439917683100485
Fam177a	1270.10814618716	1.69700258997629	0.274416084575518	6.1840492790403	0.000000000624778499101894	0.0000000481670912556161
Fmnl3	1645.01075621361	1.69677848556915	0.239033316195675	7.09850205224173	0.0000000000012611631551297	0.000000000158202124072305
Tfap2a	3286.44834028207	1.6888945743338	0.243485289913017	6.93633104052052	0.00000000000402414010397777	0.000000000459279727932676
Fam83g	236.850954023898	1.68484065886775	0.541110887638205	3.11366985466067	0.00184776119432138	0.0212629974130008
P2rx3	344.604916658194	1.68184649617332	0.43428816533066	3.87265099635582	0.000107657936311846	0.00215068738193133
Mtus1	5807.58973653413	1.67623470131743	0.197420145176676	8.49069733900424	0.0000000000000000205400855785254	0.00000000000000572000303190775
Slc44a4	969.956390083836	1.67394460812229	0.346617868752857	4.82936616668148	0.00000136968335586182	0.0000487761407852172
Pitpnc1	331.931540280832	1.6659355543768	0.425896058124957	3.91160125245398	0.0000916862021681062	0.00188294790411314
Kank1	1196.50536571317	1.66538581138651	0.209211509478411	7.96029728736489	0.00000000000000171626416559352	0.000000000000362079730935215
Mef2d	2510.52528120335	1.66142306635278	0.293175379387908	5.66699383086498	0.0000000145324572924356	0.000000836156757602781
Cdc14a	772.50344275298	1.65874363355606	0.255490413321127	6.49239089637066	0.0000000000844847006716266	0.00000000784243314767819
Clmn	1339.36222228204	1.65312889977917	0.280537933504802	5.89271076152299	0.00000000379911062801039	0.000000259307923453023
C430049B03Rik	411.144625478883	1.65179760917857	0.471078446153403	3.50641729135847	0.000454182563692529	0.00700823950123822
Pex11b	245.055799615046	1.65154902986812	0.526867842229198	3.13465521615506	0.00172056203847952	0.0200310249362783
Mad2l1bp	1034.52172735897	1.63707316115762	0.254648159772229	6.42876493834435	0.000000000128644879420365	0.0000000116315019548647
Fam65a	4833.19530934161	1.63597572254685	0.304638434643921	5.37022101120982	0.0000000786402052072159	0.00000384205690282552
Ndrg1	2837.52549484208	1.63341099455281	0.211253766633775	7.73198518814793	0.0000000000000105882266495234	0.00000000000193987457721004
Cldn4	5133.28656777703	1.63151165009346	0.278052175554642	5.86764569217635	0.00000000442026552040039	0.000000291695626095048
Akr1b8	14910.7640759347	1.62959366688768	0.17789428571536	9.16046100263794	0.0000000000000000000516760806077192	0.0000000000000000205582213251966
Wnk2	2861.0486222916	1.62770538113342	0.317113698460669	5.13287628076179	0.000000285347487258003	0.00001196740485717
Sapcd2	646.176503748471	1.62348504982586	0.413387563750517	3.92727114259694	0.0000859151070891668	0.00177489903725454
Reps2	685.708722264942	1.62060262582376	0.378658643239282	4.279851139697	0.0000187018358681965	0.000476059163855151
Cilp	466.356698738867	1.61980349864845	0.545079801465605	2.97168138370406	0.00296173868353039	0.0309831275242072
Slc35e4	350.175705593278	1.61609918119489	0.450241252694503	3.58940717120703	0.000331430824858616	0.0054548969330158
Dnmbp	499.330608405954	1.61527078092588	0.401134266453568	4.02675840986238	0.0000565510839408147	0.00122842011355991
Trp53inp2	2663.06226962073	1.61436841331664	0.259208924120824	6.22805877070859	0.000000000472249927755219	0.000000037574902823221
Acsl6	1366.35305081351	1.61221686573053	0.389704531068373	4.13702366074791	0.0000351839841609184	0.000828937048149962
Mypn	880.179705137377	1.60029691064274	0.336867512441018	4.75052313310545	0.00000202891081440948	0.0000682380535744869
Lad1	546.269531686555	1.6002253542558	0.52404294857893	3.05361489663243	0.00226102121381994	0.0248676614385694
Alppl2	10227.2542842802	1.59639907782644	0.208638322813273	7.6515141432343	0.0000000000000198626461093876	0.00000000000350085423325459
Pdlim7	765.346712795402	1.59401580831916	0.31584910083965	5.04676379980708	0.000000449356307726793	0.0000178257470905637
Slc39a14	1261.71632158415	1.5912470817283	0.424811959396632	3.74576808992942	0.000179842673556659	0.00330796484359699
Kcnv2	338.977037414617	1.59112577690087	0.555566879407197	2.86396802235338	0.00418370245081948	0.0402305752245928
Pdgfa	2464.47921381749	1.58618140568996	0.312802340532198	5.0708744793637	0.000000395991894414839	0.0000160408650114614
Ap5s1	148.35348111205	1.58545955591072	0.55622706592262	2.85038189085765	0.00436667647202263	0.0414456590181039
S100a10	1313.48008802996	1.58289541408474	0.191222352916125	8.27777396285382	0.000000000000000125499158596195	0.0000000000000323601904498782
Atp11a	854.785353765668	1.58097788508771	0.337384900940317	4.68597699743353	0.00000278627558375647	0.0000898057898801507
Hk2	6805.94825509916	1.57693041520925	0.198576793630924	7.94116163513114	0.00000000000000200296456895345	0.000000000000410136450854526
2310040G24Rik	130.208054337233	1.57601159015696	0.493547215369326	3.19323367872234	0.00140689045675511	0.017198896154397
Ank	6502.04104459078	1.56670115890857	0.179025989059714	8.75124984443461	0.00000000000000000211002640239867	0.000000000000000638695817978242
Pak6	1192.76316754664	1.56333476637081	0.249391019522334	6.26860890726983	0.000000000364287796549631	0.0000000298373134068063
Cbfa2t3	447.588612416752	1.56008250454473	0.546916168708902	2.85250755747009	0.00433757810040338	0.0412709585778583
Slc37a4	120.416534863869	1.55979746939082	0.507118515369936	3.07580461394309	0.00209935365019099	0.0235075558988744
Msn	14904.5100624488	1.5542192731634	0.170332871306105	9.1245997395906	0.0000000000000000000720018264591502	0.0000000000000000278487064338113
Slc34a2	8930.50051521867	1.55341420735049	0.19703821363091	7.88382201972417	0.00000000000000317516449659935	0.000000000000631585577866419
Dusp14	3595.67641700917	1.55259629605813	0.21186038477635	7.3283936385612	0.000000000000232927713352251	0.0000000000348740374270617
S100a11	8731.22360846384	1.55168480893654	0.29513576181858	5.25752893981842	0.000000146003924120556	0.00000653684449985409
Zfp667	405.367700989836	1.5488239387449	0.503447655375244	3.07643490283113	0.0020949204102952	0.0235049732417006
Gramd4	328.675769648238	1.54679440946513	0.466839002742574	3.31333586178118	0.000921902008468987	0.0122837928860499
Mkl1	2518.81449987315	1.54352070355073	0.290568633060478	5.31206925982776	0.000000108387391636752	0.0000050986014903721
Anxa2	3852.12554491079	1.5413005550265	0.175384655982847	8.78811516542951	0.00000000000000000152090019451476	0.0000000000000004812957797369
Sdcbp2	314.754753598055	1.53761446097353	0.501519037699889	3.06591444270086	0.00217005400724549	0.0241340511157238
Lmf1	173.760420907166	1.53517711653643	0.38912120231115	3.9452415016668	0.0000797195916902281	0.00166169999205799
Crip1	686.948372366932	1.53510733577161	0.432241996700734	3.55149973276301	0.000383042381491441	0.00615165181071144
Cdc42ep5	890.700665067372	1.53273590310289	0.274783959058725	5.57796717229524	0.0000000243345562725479	0.00000133399354936597
Slc22a5	2037.64025507066	1.52961151672512	0.346520020442642	4.41420820295233	0.0000101380355631394	0.000281199217492338
Mycbpap	563.618047644183	1.52313724735404	0.310165440892448	4.91072520191634	0.000000907401768023419	0.0000337825192993532
Arhgap22	285.734476867855	1.52279793231808	0.532224804318862	2.86119308976392	0.00422049918033839	0.0405221147432607
Gata2	999.023829976046	1.52266187601192	0.280959519380582	5.41950626684178	0.0000000597638552094883	0.0000029933522299889
Rpain	162.070007058351	1.51959743034896	0.494767876087822	3.07133406146851	0.00213104579082473	0.023776187172631
Pdzk1	652.954565354635	1.51936833099755	0.374056431348268	4.06186928940391	0.0000486813336737014	0.0010880239005981
Ppargc1b	905.030236915969	1.51926781552071	0.285913236800784	5.31373724602788	0.000000107399449446975	0.0000050692540138972
Ppp1r3b	1691.56571205134	1.51850867668211	0.418686990727893	3.62683510667997	0.000286916387537123	0.00486604601713386
Id2	2906.22708437878	1.512715763765	0.443446476072305	3.41127023302434	0.000646609724165764	0.00923425005054779
Celf5	183.222693071457	1.50894849685903	0.366269943341336	4.11977156272635	0.0000379248208105698	0.000884531331601966
Fgfr3	217.089129483281	1.50520399203492	0.455733974824108	3.3028127705771	0.000957202749927938	0.0126452477134693
Mbnl3	1359.66751643116	1.50507150340373	0.184572307646269	8.1543733325813	0.000000000000000350995066381956	0.0000000000000828348356661416
Fam83h	447.483010171929	1.50246491119782	0.509741728497137	2.94750228832062	0.00320352381328888	0.0327947177380501
Irf6	846.376541370527	1.49806861197704	0.482114975946039	3.10728495632692	0.00188814300220207	0.0216204795745573
Trp53bp2	8045.9276360922	1.4916108932995	0.134897600984809	11.0573567091639	0.000000000000000000000000000201961821987633	0.000000000000000000000000200865457811128
Nbeal2	595.103044985777	1.49152190842642	0.356022182254608	4.18940724137173	0.0000279684077804572	0.000676097413081747
Slc46a1	1310.68197718992	1.48735493064317	0.436823344043864	3.40493462843372	0.000661798942205438	0.00939336235603314
Efnb2	7075.12051843976	1.48555277762372	0.204950196796972	7.2483598495655	0.000000000000421848622496919	0.0000000000592142941898356
Gcnt1	4937.26016077422	1.48005713178727	0.379490686818415	3.9001145039838	0.0000961472045059924	0.00196237522213216
Mbp	1413.21975817279	1.4761589715582	0.335500037241881	4.39987722115796	0.0000108312142855707	0.00029746317103015
Tiam1	1228.3012985222	1.47314196173217	0.306197012803563	4.81109187919233	0.00000150107988163604	0.0000519926275420403
Ccdc42	574.375178024795	1.47268900198913	0.302825225750216	4.86316487782914	0.00000115523538882694	0.0000422191536851082
Mmgt2	260.55035995247	1.46780842994875	0.46548158574751	3.15331148404425	0.00161429456131032	0.0191297340184553
Entpd1	298.94312547	1.46714051028256	0.441632781948589	3.32208244100265	0.000893482907277937	0.0120085482634537
Foxred2	1832.19692561286	1.46199172964449	0.27988493529507	5.22354562635955	0.00000017552918851268	0.00000773439373686884
Gpr116	232.531652849506	1.45787182331481	0.360465475790147	4.04441457290501	0.0000524540298305235	0.00115018883678773
Lphn2	604.670856222144	1.45537003491592	0.328038201906969	4.43658703911767	0.00000913963894531679	0.000257612009462735
Fam84b	947.072466145462	1.45341183519439	0.471866197215232	3.08013552098424	0.00206906425434308	0.0233087788652695
Jag2	277.394088661116	1.45136309857305	0.408994471806339	3.54861299753774	0.000387265796484781	0.00619803327615413
Wrn	768.026753959307	1.4493305838531	0.384096051489445	3.77335455085491	0.00016106713664643	0.00301438012186141
Npepl1	851.650532634114	1.44787943461035	0.400796337980709	3.61250664590663	0.00030325133199761	0.0050568521517781
Atxn1	1513.37722533781	1.44680276131534	0.290626605140832	4.97821856541403	0.000000641721673781598	0.0000248203682937082
Slc2a3	30855.2157825253	1.44649439740074	0.285867347108907	5.06001966307005	0.000000419213244707083	0.0000167800014098686
Slc9a3r1	4627.9354335925	1.44108794879345	0.153897888879936	9.36392278855572	0.00000000000000000000768299784328483	0.00000000000000000345090522483542
Dapk1	1386.33604633918	1.43729439159522	0.297368605154106	4.83337637761177	0.0000013423665030043	0.000047925926122646
Garem	775.79759856725	1.43433273398604	0.235216599991696	6.09792308041475	0.00000000107455427323281	0.0000000797305747970117
Myh10	32316.6447529458	1.43060861643675	0.148554253268379	9.63020973793461	0.000000000000000000000596076875058572	0.000000000000000000296420514582698
B3gnt5	1938.27055580801	1.4258253805417	0.344397279466887	4.14005994109134	0.0000347215082475849	0.000820818812970071
Acbd4	223.164664322758	1.41536293698371	0.375567211282845	3.7686009173942	0.000164165112980422	0.00306178669125312
Abca3	3123.80966083234	1.41525593127469	0.216255297940353	6.54437576676177	0.0000000000597444047700751	0.00000000577695202790643
Csrp1	7454.89732595561	1.41132358671444	0.242476549491679	5.82045393533146	0.00000000586880166213215	0.000000369761060377955
Frmd4b	3328.18640709549	1.40877260867559	0.242771954009132	5.80286390339223	0.00000000651917051041068	0.000000405236295477492
Ppp1r13l	253.994912607527	1.40862545988117	0.47788209425854	2.94764226742316	0.00320207374502926	0.0327947177380501
Emp2	2097.07234406161	1.40773920229966	0.239271339703845	5.8834426389808	0.00000000401819396711756	0.000000270286631875096
Plec	4646.11856293211	1.40636170430085	0.259286096331671	5.42397654250569	0.0000000582875344856303	0.00000292994812338598
Slc5a6	4033.29056955755	1.40028691898552	0.18926304059483	7.39862846218995	0.000000000000137598241142205	0.0000000000220220449386673
Fam132b	567.204769466737	1.39917436270347	0.318136784163357	4.39802761690401	0.0000109239081541779	0.000299418301454279
Tmem62	5902.11599551743	1.39738907043752	0.304439352831089	4.59004086509417	0.00000443159239133794	0.000135319062405679
Prdm9	137.354115022667	1.39544612266944	0.479091677730762	2.9126912186808	0.00358328736068207	0.0357816182721893
Atp12a	1389.23156176603	1.38949244149195	0.308858453283738	4.49880010315105	0.0000068338076648705	0.000198651227402206
Nabp1	4014.66896118248	1.38892161682338	0.388938568060942	3.57105653920582	0.000355544127977529	0.00576992591836726
Gpd1l	13696.9661938807	1.38772753529544	0.216113410091074	6.42129303642299	0.000000000135121630545974	0.0000000121382811853041
Cbs	1908.60245020835	1.38251443361589	0.250426442881172	5.52064078261852	0.0000000337765650073226	0.00000181584900062533
Aqp9	2161.36265570687	1.37811361386166	0.260774916768341	5.28468623800157	0.000000125920388808421	0.0000057674851768699
Rgs11	301.014642329606	1.37693538700407	0.475513293512903	2.89568221496357	0.00378335312433457	0.0372684406838431
Myo1e	2130.72150911564	1.37685705316174	0.211890240776375	6.4979729510754	0.0000000000814094365782228	0.00000000765908780348091
Cldn12	313.587796307505	1.36793933006309	0.461660306357964	2.96308630225276	0.00304571162585396	0.0316717615223231
Gsn	800.104601949245	1.36694827234461	0.325160515704101	4.2039183920736	0.0000262333553339894	0.000643999681401808
Smpd1	13286.3328063136	1.35976206596804	0.196766372056811	6.9105409209631	0.00000000000482809137895683	0.000000000546555645208088
Asap2	2282.29416597186	1.35680825362473	0.268414995148136	5.05488992101921	0.000000430639079960222	0.0000171811419752611
Mbd2	340.949208335272	1.35555752364551	0.447974301161863	3.02597162410824	0.00247835560232415	0.0268154134491446
Pgap1	1318.46652695122	1.35522471391422	0.397262507913967	3.41140854451765	0.000646281776492962	0.00923425005054779
Osbpl7	1447.79328442972	1.35118098228007	0.368354069545492	3.66815814997584	0.000244304059373543	0.00428841844848548
Exph5	2053.56990757039	1.34502290217418	0.261439364246885	5.14468395395896	0.000000267971558585949	0.000011341142801674
Slc38a1	1805.85027109476	1.34419737088805	0.181769009330462	7.39508553102279	0.000000000000141317281028179	0.0000000000223602479663224
Gprc5a	2133.19874957429	1.34410870420644	0.192003988344477	7.00042075060941	0.00000000000255194951844128	0.000000000303703804228858
Map3k9	1521.44858357147	1.34373142869029	0.25228044212077	5.3263400737463	0.000000100211431785261	0.00000477857526088345
Abcb1b	653.947302865523	1.34112430959914	0.278332854354962	4.81841898509323	0.00000144700258203671	0.0000506232762620077
Chst3	356.298671777057	1.33872322953648	0.398561185572158	3.35889012276663	0.000782561760842876	0.0108314015486841
Fam151a	746.409013210455	1.33686368171395	0.450933661440235	2.96465710154381	0.00303020478012446	0.0315576449951032
Tom1l1	829.424560288782	1.33507860545767	0.22743110317603	5.87025515337861	0.00000000435124953123505	0.000000289888987908693
Aldh18a1	459.006967110558	1.3320687827005	0.348183048402564	3.82577149810113	0.000130363170217781	0.00253870878617117
Dnmt3l	1092.61677351172	1.32566259808992	0.256723518414706	5.16377543544131	0.000000242018024112917	0.0000103369906986143
Apoa1	363.222939684869	1.32383135876274	0.366244659750517	3.61460931516249	0.000300800878471636	0.00504013409366915
Spata13	1515.07676475951	1.32095324932274	0.374794000979767	3.52447810228972	0.000424317884348394	0.00666016630215366
Ap2a2	22637.0253174963	1.31633010311216	0.160913397922881	8.18036359994722	0.000000000000000282988658726387	0.0000000000000703631086447539
Myo5b	1690.43664674529	1.31183061244704	0.164537275579776	7.97284753758425	0.00000000000000155059421416469	0.000000000000332161135969679
Tmem189	504.165043179106	1.30937962080117	0.33079589225954	3.95827049682299	0.0000754944329226242	0.0015807285473904
Galnt3	630.655248120217	1.3093121518285	0.386286060461523	3.38948847976593	0.000700231510569303	0.0098485086395626
Gm2a	35331.5300285661	1.30897716583531	0.183219399662599	7.14431533039521	0.000000000000904455602126002	0.000000000116607775962986
Sept8	2358.5600901669	1.30751979612938	0.168765559949194	7.74755107927827	0.00000000000000936816543226937	0.00000000000178688130793039
Insig1	6950.67322473958	1.30395746326588	0.31750774003299	4.10685252312399	0.0000401087132555629	0.000926158745224639
Mycn	553.092125428061	1.30156219790327	0.309597816355959	4.2040419187156	0.0000262190347746478	0.000643999681401808
Pik3cd	435.030732626086	1.29875960138739	0.290130133076793	4.47647263527649	0.00000758863896387908	0.000217416067763482
Cldn6	2058.87652811176	1.29666610862965	0.316214891624008	4.10058521270225	0.000041210664955789	0.000946185123447191
Tjp3	782.01135409525	1.29496818392451	0.309312854338211	4.18659672807698	0.0000283168287637052	0.000683333663268337
Cnnm4	1308.0393567615	1.29049224487946	0.294683176472456	4.37925320450073	0.0000119086701064178	0.000320108730814212
Oat	1731.55697270146	1.29033307648279	0.231648823876366	5.57021207744814	0.0000000254429446093241	0.00000138928455192246
Pkp2	2338.29009437243	1.28063151377257	0.257195411164402	4.97921602867936	0.000000638423505421931	0.0000247615846504038
Tie1	239.213969874538	1.27509981035943	0.409350036366145	3.11493757684416	0.00183983841217152	0.0212068791813545
Slc9a6	1316.54040435195	1.27339577043807	0.351515078213006	3.62259217132768	0.000291665481612488	0.00492858029851004
2310044G17Rik	624.737399376798	1.27146915239303	0.347408580684051	3.65986686307371	0.000252346325376159	0.0043811349557826
Trpv5	961.268192437786	1.27069476988553	0.256184559929426	4.96007554177187	0.00000070465771700925	0.0000269550935484527
Irf2bpl	654.459947459548	1.27032151987116	0.266049867470432	4.77474968113764	0.00000179930920510084	0.0000611062960288391
Erbb3	3273.53517610867	1.26948862132892	0.174186150612148	7.28811456517932	0.00000000000031432264320807	0.0000000000455898800419704
Lpcat4	1945.35846692937	1.26916306460428	0.28417001727074	4.46621032293882	0.00000796173409252691	0.00022763693122042
Plekhg2	656.844865414479	1.26595761165723	0.2979028440425	4.24956537667906	0.0000214185691459213	0.00053929865603582
Erbb2	2033.46448286444	1.26153564736702	0.294302518409113	4.28652685062431	0.0000181488274996628	0.000462828340852206
Neat1l	1179.51852218501	1.25775481688977	0.256661448641771	4.90044306827417	0.000000956207645374115	0.0000354102001441202
Actn4	35044.5677553112	1.25683233367745	0.228762421275965	5.49405066910568	0.0000000392817705505774	0.00000207181580737212
Dusp3	466.805156744302	1.25571553597564	0.366365436043673	3.42749455171297	0.000609178527587341	0.00879896454162462
Dusp16	1084.2180006941	1.25518214240394	0.260045222658032	4.82678408614543	0.00000138755412150084	0.0000490363035222783
Abhd17c	2416.00458747991	1.25262237646501	0.236986962359248	5.28561725081804	0.000000125281596905483	0.00000575716486901633
Gm5424	298.26436834411	1.2507775687147	0.358786810726501	3.48613029052552	0.000490062257554529	0.00741698573281441
Gmppb	376.571054903898	1.25024778462157	0.38281740192437	3.26591157647679	0.00109112314858975	0.0139128193415418
Cnn2	1984.292320951	1.24226088430695	0.22181272643797	5.60049418379223	0.0000000213741579789369	0.0000011952360469828
Entpd7	537.638628046254	1.23394800370273	0.331594814436403	3.72125241403432	0.000198237165452289	0.0035987670035954
Elovl1	1353.66841117427	1.23148248369968	0.331737957047855	3.71221458846216	0.000205453680741309	0.00371781822361657
C130026I21Rik	332.149137487186	1.23096533103855	0.417536742591099	2.94816049816257	0.00319671050627378	0.0327768756180825
Elp6	366.369179028297	1.23035868896991	0.375784028228215	3.27411118234837	0.00105994897576592	0.0136873292442089
Dsc2	2086.53817080412	1.22545639201013	0.32731247138526	3.74399541460709	0.000181116959337003	0.00332700863035412
Fgd4	884.871981902275	1.22436857277754	0.389326345501408	3.14483873728271	0.0016617840463959	0.0195428049510275
Usp53	2383.76514986522	1.22310743533063	0.209922804582279	5.82646291223321	0.00000000566144413342616	0.000000358317945971936
Dlgap4	1290.20009494789	1.22236476242972	0.337327732782372	3.62367111754292	0.000290450890003159	0.00491401967485295
Serpinb6c	1205.48727194441	1.21957754988249	0.322024680509267	3.78721763795802	0.000152343653723383	0.00288603133938012
Slco2a1	3940.81461059134	1.21868833287274	0.214351199508886	5.68547475201891	0.0000000130449756894048	0.000000760608671115383
Slc44a2	830.156688059697	1.21780724749029	0.372619193484177	3.26823542314925	0.00108220306482196	0.0138625533344812
Bnip3	3510.69187338892	1.21062924821578	0.276542620852296	4.3777311594309	0.0000119921143724877	0.000321730636844931
Wwc1	931.519580928311	1.20983489060443	0.375010159474594	3.22613897260667	0.00125472416785767	0.0155989101011163
Naalad2	2237.81766583916	1.20695824578241	0.278971686240479	4.32645427945682	0.0000151528754026385	0.000395288461349799
Pdzd2	538.065411378342	1.20639958473697	0.346144109750217	3.48525238695388	0.000491673045894388	0.00743328500655099
E2f8	1307.7537823703	1.19936770921866	0.226628009454592	5.29223070045528	0.000000120833326493262	0.00000560827746030727
Nin	1632.37380827736	1.19833038910707	0.206337003116408	5.80763688048243	0.00000000633607467508141	0.000000395621093165173
Ak7	1003.13757934631	1.19795774193701	0.254865419810655	4.70035418232491	0.00000259710650246184	0.0000846887844034628
Prrg4	628.233299814034	1.19530936007069	0.390571630128492	3.06041009603655	0.00221034109632973	0.0245233381874862
Wdtc1	2274.13347662899	1.19453987207189	0.319820544435736	3.73503170091664	0.000187691542541872	0.00343870662941188
Lin28a	2092.75728000445	1.19435786114465	0.271053218858816	4.40635926100828	0.0000105122556178717	0.000289274006370051
Sec22c	198.665224072401	1.19316770376519	0.384472281180075	3.10339070505411	0.00191316885242286	0.0218531280567152
Trim3	269.680352018625	1.18799783157965	0.365672619713649	3.24880170823276	0.00115892234801192	0.0146166981645997
Epas1	14915.8564849202	1.18433723556911	0.188392319181324	6.28654735350014	0.000000000324604036285847	0.0000000270645904266116
Sh3tc1	1153.71666361054	1.18304842602759	0.243442850118277	4.85965566642355	0.00000117590092189003	0.000042861896430358
Slc35a2	325.877468511525	1.18074059505527	0.382512493017505	3.08680269692847	0.00202321838131003	0.0228477637805035
Tmem63b	1675.39710044477	1.17901619521354	0.325862325660801	3.61814208752935	0.000296725488110199	0.00497783818848966
Tmsb4x	1721.27647464679	1.17644020120889	0.34386599699981	3.42121701905158	0.000623415642499073	0.0089673960807408
Inpp4a	389.092914752624	1.17485114145157	0.368401966838545	3.18904687598061	0.00142742728702523	0.0173585131393357
Hs3st3b1	1745.07559512572	1.16950939240375	0.372286498243515	3.14142306508995	0.00168128974425357	0.0196697173417732
Caskin2	436.186173185762	1.16753277203777	0.35120595069769	3.32435361564461	0.00088623745344835	0.0119457602147288
AI661453	3034.96136757413	1.16203016391577	0.369407282456347	3.14566122299737	0.00165711833045369	0.019520910011199
Nr2c2ap	810.316607006277	1.15985805438709	0.368752613690516	3.14535548041032	0.00165885130758707	0.0195248060920054
Avpi1	1453.09012861756	1.15618182953165	0.272707893693131	4.2396346283715	0.0000223883890329167	0.000561686358368166
Slc6a8	23268.8194715887	1.15359166719196	0.150685938015907	7.65560265530668	0.0000000000000192407779138812	0.00000000000343472553426772
Smad7	809.23531311147	1.15223522023652	0.332957046196094	3.46061221229696	0.000538948563876331	0.00797483507270353
Sqle	6606.87647530146	1.15139566126145	0.3639951002509	3.16321747316872	0.00156035722692875	0.0186492824272583
Prss8	1656.08607438433	1.15000370478932	0.22601087251633	5.08826717929787	0.000000361350045227049	0.0000147983471462983
Aim1	1874.68348935259	1.14688824652831	0.234182030240073	4.89742208380622	0.000000971021168968775	0.0000357685152294212
Pon2	791.838676590436	1.14301346127306	0.410297658103584	2.78581522145685	0.00533932981287269	0.048213247934137
Cyp2s1	14522.7161659518	1.14135124050214	0.213328944511028	5.35019400727942	0.0000000878599917636664	0.00000424778654624059
Lasp1	5452.78804813568	1.14062262310017	0.312054687916422	3.65520105054682	0.000256980507956089	0.00443944986697343
Slc39a4	4154.77048595483	1.13905185203171	0.266574925224681	4.27291445762075	0.0000192934487572923	0.000490222592146968
Atf6b	600.229128184054	1.13826803738985	0.389821589713043	2.91997177023406	0.00350063094622582	0.0352697433395429
Nek6	3352.11980818193	1.13601368189133	0.190657057148672	5.95841401771705	0.00000000254697592791538	0.000000178211521710019
Mvd	1318.10341334051	1.13562885600084	0.380152096340971	2.98730131158415	0.00281452175744999	0.029711448787516
Sox13	2261.64440677326	1.13437497956639	0.300656271503884	3.77299623218316	0.000161298724770023	0.00301466234053396
Mfsd7c	3184.04054998501	1.13407095939858	0.155124466838092	7.31071624299117	0.000000000000265722143580369	0.0000000000393607992256708
Tfeb	1561.53010320871	1.13318693850341	0.270961604435135	4.18209414158782	0.0000288836317625069	0.000694875637722448
Cnn3	6343.97561228671	1.12849719289849	0.155065276463767	7.27756218950915	0.000000000000339906327091334	0.0000000000484689756646941
Runx1	586.679966369921	1.12370741627049	0.223314448715299	5.03195123618306	0.000000485512775023141	0.0000190968358175769
Prkaa2	1371.51102815126	1.12364713698432	0.357656516912885	3.14169345125622	0.00167973802158599	0.0196697173417732
Ets2	393.667900192265	1.12296030780733	0.338130030562133	3.32109013192481	0.000896665753894887	0.0120397048767911
Lrrn4	1767.77455381482	1.11617840035885	0.311867275832404	3.57901737968391	0.000344888534257195	0.00563641778286055
Abcd1	422.591136979329	1.11526245095582	0.30915207797376	3.60748812773783	0.000309175680306529	0.00513106337614792
Fdft1	9526.01961879786	1.1144250964323	0.234662277764423	4.74905940166092	0.0000020436491438817	0.0000685681221190573
Amotl2	704.20837112628	1.1119507471021	0.350257789117195	3.17466386659013	0.00150010162783806	0.0180374914214311
Tmem79	495.146502458283	1.11149238822845	0.314928926649306	3.5293435888986	0.000416591879543531	0.00657667271061693
Bag3	7245.10564035336	1.10880659432456	0.2731834487231	4.05883518751697	0.0000493181049055608	0.00109733560734933
Gpr137b-ps	4020.29723449544	1.10254936300591	0.132529492854945	8.31927550053078	0.0000000000000000885026176012102	0.0000000000000232511405184764
Tle4	7145.98133221057	1.09840934628523	0.185481733609603	5.92192732356668	0.00000000318190246806068	0.000000219330742402361
Rnf208	431.36998410389	1.09674610420762	0.314311164166689	3.48936413733614	0.000484171109652871	0.00735280891228906
Cited1	389.779579447916	1.09580350899058	0.31225740264505	3.50929553537664	0.000449295361883667	0.00694338359474826
Rnpep	2086.09102055512	1.09561270588073	0.205212596615598	5.33891546595952	0.0000000935042261004468	0.0000044894925662849
Oxct1	2008.43218735283	1.09426523031712	0.213691205361459	5.12077803326611	0.000000304277632881833	0.000012723008289029
Tmem194	1143.91817345778	1.0938848804474	0.317551020248965	3.44475315994822	0.000571581104448644	0.00835558154904319
Cdk14	558.671663763153	1.09192605873583	0.343553003146066	3.17833361588045	0.00148124206218285	0.0178415350119672
Elf4	3816.11836331685	1.08910550322118	0.200163445018733	5.44108092823469	0.0000000529582477022888	0.00000270106461907205
Dcun1d4	432.296041419526	1.08607533730734	0.293612784226997	3.69900561437297	0.000216445813602703	0.00387875355032694
Rnf24	4333.23246210174	1.08563873860141	0.213630782069909	5.08184601527198	0.000000373784373102996	0.0000152180514944039
Flot2	1479.38343865321	1.0806919081662	0.256605108018699	4.21149803490055	0.0000253682761318845	0.000625182082938691
Tjp2	8999.66139472267	1.07613933011309	0.143369665811575	7.50604616409878	0.0000000000000609399349625264	0.000000000010101519695455
Ldlr	3214.50594388648	1.07452254632364	0.235884785969057	4.55528550478281	0.00000523144742217446	0.000156314750872011
Sgk3	1554.2906388369	1.07267772143529	0.380169129774102	2.82158028473452	0.004778767438824	0.0442711628863508
Hspg2	231.391524928986	1.07256334213726	0.385492004072067	2.78232318908681	0.00539712645008916	0.0486405104796385
Dsp	16573.6419714643	1.07022324652142	0.146824438238881	7.28913564634372	0.000000000000311949854122669	0.0000000000455898800419704
Pxk	2030.46867560947	1.06977783424388	0.189403021772967	5.64815610770032	0.0000000162177879497922	0.000000921699915971049
Jak2	874.055623668592	1.06792794075941	0.288151175825596	3.70613771642484	0.000210443899697681	0.00379071262534347
Slc27a4	517.786391533292	1.06390730552015	0.310959005979621	3.42137479558923	0.000623054052558854	0.0089673960807408
Timd2	21616.1639481307	1.06312982197383	0.172589297760584	6.15988265650521	0.000000000727988672543321	0.0000000556951333873253
Tagln2	13045.5071969642	1.06075345021157	0.186560842978343	5.68583113839548	0.0000000130177976265774	0.000000760608671115383
Esrp2	2828.90249331749	1.05954571433652	0.223285603755496	4.74524867038337	0.00000208250339994383	0.0000697037916846583
Tmsb10	4625.67919168942	1.05851101982853	0.272891973675106	3.87886461288431	0.000104945139054444	0.00210859468426275
Ajuba	362.773639639153	1.05767495040538	0.329145517552391	3.21339618497774	0.00131175209536037	0.0161778885525224
Cystm1	463.771897741639	1.05757717710896	0.290176029086112	3.64460558799334	0.000267802174554294	0.0045922136434655
Sh3tc2	554.769379022805	1.05006129490899	0.320481228346847	3.27651419811876	0.0010509702841046	0.0136001024496956
Kdsr	1657.52670301391	1.04608379706197	0.230230507594022	4.54363675776015	0.00000552919048226251	0.000163805209095794
Kalrn	1986.06535859621	1.04498195992148	0.29481349028236	3.54455272355631	0.000393279840122783	0.00625831827870814
Myl6	9755.62878378078	1.04137073237044	0.177755258712481	5.85845245824682	0.00000000467200319048028	0.000000303985852449754
Arhgap17	2071.77732647365	1.03924546786083	0.252476403556679	4.11620829994724	0.0000385156244710094	0.000895311444297721
Efhd2	3273.29878467157	1.03336563939952	0.265072037507135	3.89843323014299	0.0000968170883148807	0.00196800166087065
Bmyc	5592.71728579982	1.0329838697007	0.261895762810668	3.94425575509395	0.0000800481922606062	0.00166605534983061
Slc20a1	11527.0077639993	1.03207108574067	0.160882188332515	6.4150736413876	0.000000000140754805496482	0.0000000125632686649552
Folr1	3506.28975642016	1.03123703062392	0.17002652521294	6.06515383015917	0.00000000131827415491399	0.0000000936512721072569
Gls	1939.80719183129	1.02841683273973	0.325323158427149	3.16121618181702	0.00157111846321064	0.0187617954388893
E2f7	1034.44152499757	1.02430922674864	0.367257998239535	2.78907261831928	0.00528592112195283	0.0478862496435077
Tubb2a	553.51290667999	1.0198499844967	0.308996560024639	3.3005221301343	0.000965051023358071	0.012712744039014
Myh9	14221.0685238219	1.01957624669337	0.216575139619163	4.70772521946076	0.00000250496451754743	0.0000822620894866284
Sh3bp1	878.343629725038	1.01895705465655	0.292842970226985	3.47953394225836	0.000502286737969296	0.00756090869133457
Ube2e1	1253.2083099806	1.01800653846723	0.238678301027634	4.26518260807197	0.0000199738771063547	0.000503833813095801
Nt5c	857.444106605779	1.01558378074315	0.356047856230982	2.85237999041428	0.00433931940232581	0.0412709585778583
Marcksl1	3687.77020818792	1.01551026637038	0.338579422809095	2.99932659210353	0.00270577097954351	0.0288477451142143
Gm3286	934.490979805625	1.01123271634936	0.239679920572044	4.21909650977792	0.0000245283268162768	0.000608792197129837
Ehmt2	1469.24747418576	1.00734416752875	0.321525571094923	3.13301416151239	0.00173021094020098	0.0201097304936214
Lpgat1	2675.92834240323	1.00726525120164	0.180214443911729	5.58925926988962	0.0000000228040258155502	0.00000126001291847508
Atp6v0a4	5349.43769720313	1.00700918371756	0.289938178215596	3.4731858698814	0.000514319037301187	0.00767914299902718
Ass1	14338.487733885	1.00427042257756	0.228494287346384	4.3951664360656	0.000011068791248503	0.000302021689501801
Snrnp25	487.366015756464	1.00219847136719	0.314418575178327	3.18746585121054	0.00143525404823889	0.0174232583850726
Tpm1	11304.1998649403	1.00097102646403	0.141800894427426	7.05898951135555	0.00000000000167717730120942	0.000000000208509078053928
Chp1	3110.24442523833	1.00002783660204	0.18405437517703	5.4333282522634	0.0000000553125205920259	0.00000280062376990316
