Ser_1_ratio__Ser_1_ratio	0.091636	0.091636	0.89912
X2i_1_ratio__X2i_1_ratio	0.091636	0.091636	0.89912
Ser_1_ratio__Ser_2_ratio	0.090309	0.208597	0.770695
X2i_1_ratio__X2i_2_ratio	0.081944	0.414265	0.548758
Ser_1_ratio__Ser_3_ratio	0.052521	0.65412	0.30962
X2i_1_ratio__X2i_3_ratio	0.122306	0.280164	0.680796
Ser_1_ratio__Ser_4_ratio	0.05465	0.362524	0.616519
X2i_1_ratio__X2i_4_ratio	0.109966	0.622112	0.301025
Ser_1_ratio__Ser_5_ratio	0.092365	0.325349	0.641542
X2i_1_ratio__X2i_5_ratio	0.111273	0.478717	0.461346
Ser_1_ratio__Ser_6_ratio	0.026441	0.817416	0.160384
X2i_1_ratio__X2i_6_ratio	0.140918	0.815643	0.050565
Ser_1_ratio__Ser_7_ratio	0.148115	0.116332	0.863442
X2i_1_ratio__X2i_7_ratio	0.090704	0.511777	0.437172
X2i_1_ratio__X2i_8_ratio	0.077334	0.801632	0.131178
Ser_1_ratio__Ser_8_ratio	0.116491	0.153711	0.826023
X2i_1_ratio__X2i_9_ratio	0.083805	0.697472	0.23873
Ser_1_ratio__Ser_9_ratio	0.058904	0.444308	0.527882
X2i_1_ratio__X2i_10_ratio	0.133057	0.672892	0.223833
Ser_1_ratio__Ser_10_ratio	0.090672	0.262006	0.711869
X2i_1_ratio__X2i_11_ratio	0.060363	0.820074	0.127244
Ser_1_ratio__Ser_11_ratio	0.132631	0.143992	0.833991
X2i_1_ratio__X2i_12_ratio	0.068297	0.461771	0.504379
Ser_1_ratio__Ser_12_ratio	0.229218	0.174709	0.773335
X2i_1_ratio__X2i_Bulk_ratio	0.052829	0.682307	0.279637
X2i_2_ratio__X2i_1_ratio	0.081033	0.579926	0.368938
Ser_1_ratio__Ser_13_ratio	0.102003	0.388224	0.567678
Ser_1_ratio__Ser_14_ratio	0.055828	0.364697	0.613739
X2i_2_ratio__X2i_2_ratio	0.091636	0.091636	0.899119
Ser_1_ratio__Ser_15_ratio	0.088951	0.389685	0.572268
X2i_2_ratio__X2i_3_ratio	0.119207	0.393316	0.553453
Ser_1_ratio__Ser_16_ratio	0.08114	0.502124	0.453536
X2i_2_ratio__X2i_4_ratio	0.11145	0.660835	0.256277
X2i_2_ratio__X2i_5_ratio	0.111855	0.534669	0.397993
Ser_1_ratio__Ser_17_ratio	0.162498	0.193224	0.769284
X2i_2_ratio__X2i_6_ratio	0.137226	0.783951	0.09136
Ser_1_ratio__Ser_18_ratio	0.136867	0.243536	0.717847
X2i_2_ratio__X2i_7_ratio	0.091728	0.578519	0.363055
Ser_1_ratio__Ser_19_ratio	0.117296	0.365982	0.585385
X2i_2_ratio__X2i_8_ratio	0.075212	0.801476	0.133341
Ser_1_ratio__Ser_20_ratio	0.119639	0.35118	0.601096
X2i_2_ratio__X2i_9_ratio	0.083031	0.712276	0.223228
Ser_1_ratio__Ser_Bulk_ratio	0.124926	0.416332	0.730582
X2i_2_ratio__X2i_10_ratio	0.132475	0.677128	0.219471
Ser_2_ratio__Ser_1_ratio	0.17169	0.090965	0.890181
X2i_2_ratio__X2i_11_ratio	0.056736	0.818307	0.132473
X2i_2_ratio__X2i_12_ratio	0.07342	0.613849	0.337512
Ser_2_ratio__Ser_2_ratio	0.091636	0.091636	0.89912
X2i_2_ratio__X2i_Bulk_ratio	0.049373	0.74308	0.218326
Ser_2_ratio__Ser_3_ratio	0.063739	0.608072	0.350532
X2i_3_ratio__X2i_1_ratio	0.065507	0.558375	0.402484
Ser_2_ratio__Ser_4_ratio	0.074173	0.282531	0.694834
X2i_3_ratio__X2i_2_ratio	0.07864	0.587793	0.362037
Ser_2_ratio__Ser_5_ratio	0.111439	0.272406	0.693431
X2i_3_ratio__X2i_3_ratio	0.091636	0.091636	0.899119
Ser_2_ratio__Ser_6_ratio	0.033407	0.800225	0.172118
X2i_3_ratio__X2i_4_ratio	0.095275	0.653281	0.277923
Ser_2_ratio__Ser_7_ratio	0.177122	0.095797	0.883583
X2i_3_ratio__X2i_5_ratio	0.094773	0.539624	0.40388
Ser_2_ratio__Ser_8_ratio	0.145002	0.124746	0.854097
X2i_3_ratio__X2i_6_ratio	0.135469	0.814092	0.058343
Ser_2_ratio__Ser_9_ratio	0.075195	0.361745	0.608841
X2i_3_ratio__X2i_7_ratio	0.07707	0.578644	0.373036
Ser_2_ratio__Ser_10_ratio	0.114855	0.20897	0.763914
X2i_3_ratio__X2i_8_ratio	0.065922	0.810881	0.131891
X2i_3_ratio__X2i_9_ratio	0.072368	0.730016	0.213032
Ser_2_ratio__Ser_11_ratio	0.160528	0.121412	0.855371
X2i_3_ratio__X2i_10_ratio	0.119118	0.686402	0.220779
Ser_2_ratio__Ser_12_ratio	0.249836	0.15927	0.787686
X2i_3_ratio__X2i_11_ratio	0.050475	0.830628	0.125218
Ser_2_ratio__Ser_13_ratio	0.115785	0.303517	0.656738
X2i_3_ratio__X2i_12_ratio	0.05986	0.591344	0.371005
X2i_3_ratio__X2i_Bulk_ratio	0.03121	0.71126	0.265825
Ser_2_ratio__Ser_14_ratio	0.079107	0.323505	0.648706
X2i_4_ratio__X2i_1_ratio	0.088081	0.570134	0.374798
Ser_2_ratio__Ser_15_ratio	0.104158	0.32155	0.641065
X2i_4_ratio__X2i_2_ratio	0.103184	0.650114	0.275086
Ser_2_ratio__Ser_16_ratio	0.096717	0.432669	0.521004
X2i_4_ratio__X2i_3_ratio	0.120677	0.281951	0.679354
Ser_2_ratio__Ser_17_ratio	0.189478	0.167599	0.79322
X2i_4_ratio__X2i_4_ratio	0.091636	0.091637	0.899121
Ser_2_ratio__Ser_18_ratio	0.162376	0.201221	0.759772
X2i_4_ratio__X2i_5_ratio	0.113366	0.498131	0.438178
Ser_2_ratio__Ser_19_ratio	0.136854	0.285206	0.669574
X2i_4_ratio__X2i_6_ratio	0.129492	0.778023	0.106243
Ser_2_ratio__Ser_20_ratio	0.136865	0.293094	0.66043
X2i_4_ratio__X2i_7_ratio	0.099291	0.597358	0.336792
Ser_2_ratio__Ser_Bulk_ratio	0.158466	0.480815	0.842935
X2i_4_ratio__X2i_8_ratio	0.077832	0.808732	0.123011
X2i_4_ratio__X2i_9_ratio	0.090359	0.724242	0.203816
Ser_3_ratio__Ser_1_ratio	0.258613	0.053395	0.92798
X2i_4_ratio__X2i_10_ratio	0.126982	0.643934	0.262405
X2i_4_ratio__X2i_11_ratio	0.06631	0.843053	0.097074
Ser_3_ratio__Ser_2_ratio	0.164861	0.108688	0.869857
X2i_4_ratio__X2i_12_ratio	0.083196	0.631391	0.311313
Ser_3_ratio__Ser_3_ratio	0.091636	0.091636	0.89912
X2i_4_ratio__X2i_Bulk_ratio	0.069616	0.97246	0.452348
X2i_5_ratio__X2i_1_ratio	0.076144	0.538822	0.416768
Ser_3_ratio__Ser_4_ratio	0.123627	0.177745	0.797179
X2i_5_ratio__X2i_2_ratio	0.083028	0.523015	0.429629
Ser_3_ratio__Ser_5_ratio	0.157091	0.180127	0.786302
X2i_5_ratio__X2i_3_ratio	0.113916	0.304018	0.656897
Ser_3_ratio__Ser_6_ratio	0.055845	0.762905	0.191971
X2i_5_ratio__X2i_4_ratio	0.105129	0.64378	0.280589
X2i_5_ratio__X2i_5_ratio	0.091636	0.091636	0.89912
Ser_3_ratio__Ser_7_ratio	0.256419	0.061522	0.917263
X2i_5_ratio__X2i_6_ratio	0.136241	0.810076	0.06215
X2i_5_ratio__X2i_7_ratio	0.085492	0.541214	0.408191
Ser_3_ratio__Ser_8_ratio	0.200809	0.081453	0.898081
X2i_5_ratio__X2i_8_ratio	0.075571	0.813393	0.120112
Ser_3_ratio__Ser_9_ratio	0.117302	0.239287	0.728915
X2i_5_ratio__X2i_9_ratio	0.080771	0.721232	0.215394
X2i_5_ratio__X2i_10_ratio	0.12791	0.681225	0.21886
Ser_3_ratio__Ser_10_ratio	0.177887	0.119837	0.854234
X2i_5_ratio__X2i_11_ratio	0.060381	0.837903	0.108251
Ser_3_ratio__Ser_11_ratio	0.226621	0.075441	0.902451
X2i_5_ratio__X2i_12_ratio	0.068299	0.557313	0.401833
X2i_5_ratio__X2i_Bulk_ratio	0.052997	0.703506	0.257125
Ser_3_ratio__Ser_12_ratio	0.315053	0.112129	0.836296
X2i_6_ratio__X2i_1_ratio	0.119228	0.802083	0.089341
Ser_3_ratio__Ser_13_ratio	0.153639	0.197616	0.766511
X2i_6_ratio__X2i_2_ratio	0.120074	0.768464	0.126672
Ser_3_ratio__Ser_14_ratio	0.135505	0.215519	0.7507
X2i_6_ratio__X2i_3_ratio	0.160039	0.709801	0.154959
Ser_3_ratio__Ser_15_ratio	0.146199	0.180628	0.788444
Ser_3_ratio__Ser_16_ratio	0.132876	0.291843	0.663435
X2i_6_ratio__X2i_4_ratio	0.136576	0.765363	0.113572
X2i_6_ratio__X2i_5_ratio	0.14376	0.725093	0.153166
Ser_3_ratio__Ser_17_ratio	0.262469	0.112539	0.847412
X2i_6_ratio__X2i_6_ratio	0.091636	0.091636	0.89912
Ser_3_ratio__Ser_18_ratio	0.22119	0.130644	0.832251
X2i_6_ratio__X2i_7_ratio	0.125789	0.782507	0.104899
Ser_3_ratio__Ser_19_ratio	0.182503	0.169439	0.792735
X2i_6_ratio__X2i_8_ratio	0.081799	0.818146	0.108969
Ser_3_ratio__Ser_20_ratio	0.189813	0.177873	0.780453
X2i_6_ratio__X2i_9_ratio	0.10379	0.79613	0.111671
Ser_3_ratio__Ser_Bulk_ratio	0.26382	0.281712	0.617333
X2i_6_ratio__X2i_10_ratio	0.140805	0.699428	0.18595
X2i_6_ratio__X2i_11_ratio	0.073461	0.875309	0.055291
X2i_6_ratio__X2i_12_ratio	0.11286	0.832823	0.061227
Ser_4_ratio__Ser_1_ratio	0.2061	0.051341	0.935335
X2i_6_ratio__X2i_Bulk_ratio	0.095178	0.875473	0.032436
X2i_7_ratio__X2i_1_ratio	0.075679	0.475236	0.485854
Ser_4_ratio__Ser_2_ratio	0.132502	0.119228	0.862562
Ser_4_ratio__Ser_3_ratio	0.064296	0.496459	0.469428
X2i_7_ratio__X2i_2_ratio	0.079653	0.410962	0.553471
X2i_7_ratio__X2i_3_ratio	0.120484	0.261007	0.703238
Ser_4_ratio__Ser_4_ratio	0.091636	0.091636	0.89912
X2i_7_ratio__X2i_4_ratio	0.107273	0.629973	0.294327
Ser_4_ratio__Ser_5_ratio	0.127358	0.200085	0.770716
X2i_7_ratio__X2i_5_ratio	0.106748	0.479784	0.46288
Ser_4_ratio__Ser_6_ratio	0.034211	0.757142	0.216037
X2i_7_ratio__X2i_6_ratio	0.137461	0.814581	0.055602
Ser_4_ratio__Ser_7_ratio	0.207544	0.05888	0.925698
X2i_7_ratio__X2i_7_ratio	0.091636	0.091636	0.89912
X2i_7_ratio__X2i_8_ratio	0.076042	0.805944	0.127727
Ser_4_ratio__Ser_8_ratio	0.17242	0.075851	0.908347
X2i_7_ratio__X2i_9_ratio	0.083661	0.708338	0.226991
Ser_4_ratio__Ser_9_ratio	0.089222	0.269743	0.703834
X2i_7_ratio__X2i_10_ratio	0.124886	0.645402	0.262495
X2i_7_ratio__X2i_11_ratio	0.057054	0.812305	0.138545
Ser_4_ratio__Ser_10_ratio	0.140884	0.136447	0.841179
X2i_7_ratio__X2i_12_ratio	0.071002	0.519936	0.440325
X2i_7_ratio__X2i_Bulk_ratio	0.054263	0.681086	0.279836
Ser_4_ratio__Ser_11_ratio	0.189844	0.071663	0.911543
X2i_8_ratio__X2i_1_ratio	0.120016	0.703553	0.200493
Ser_4_ratio__Ser_12_ratio	0.279092	0.110118	0.847251
X2i_8_ratio__X2i_2_ratio	0.118377	0.634723	0.280051
Ser_4_ratio__Ser_13_ratio	0.132302	0.204161	0.76471
X2i_8_ratio__X2i_3_ratio	0.141945	0.379468	0.557758
Ser_4_ratio__Ser_14_ratio	0.098296	0.247244	0.725798
X2i_8_ratio__X2i_4_ratio	0.136458	0.655471	0.240951
Ser_4_ratio__Ser_15_ratio	0.117623	0.215286	0.756016
X2i_8_ratio__X2i_5_ratio	0.141544	0.589276	0.313564
Ser_4_ratio__Ser_16_ratio	0.103655	0.324296	0.638201
X2i_8_ratio__X2i_6_ratio	0.135802	0.724685	0.161437
Ser_4_ratio__Ser_17_ratio	0.216619	0.115473	0.852597
X2i_8_ratio__X2i_7_ratio	0.127235	0.684063	0.216211
Ser_4_ratio__Ser_18_ratio	0.186211	0.135373	0.833652
X2i_8_ratio__X2i_8_ratio	0.091636	0.091636	0.89912
Ser_4_ratio__Ser_19_ratio	0.150778	0.187194	0.779569
X2i_8_ratio__X2i_9_ratio	0.109357	0.738517	0.170805
Ser_4_ratio__Ser_20_ratio	0.158959	0.192002	0.77171
X2i_8_ratio__X2i_10_ratio	0.150953	0.663536	0.218493
X2i_8_ratio__X2i_11_ratio	0.079314	0.848006	0.078942
Ser_4_ratio__Ser_Bulk_ratio	0.194136	0.297128	0.631293
X2i_8_ratio__X2i_12_ratio	0.106046	0.700508	0.216394
Ser_5_ratio__Ser_1_ratio	0.181989	0.071913	0.912088
X2i_8_ratio__X2i_Bulk_ratio	0.096357	0.814294	0.134354
X2i_9_ratio__X2i_1_ratio	0.089462	0.476021	0.47721
Ser_5_ratio__Ser_2_ratio	0.118983	0.14212	0.838687
X2i_9_ratio__X2i_2_ratio	0.089374	0.330602	0.636951
Ser_5_ratio__Ser_3_ratio	0.063409	0.556068	0.406285
X2i_9_ratio__X2i_3_ratio	0.136482	0.243669	0.717819
Ser_5_ratio__Ser_4_ratio	0.082495	0.232284	0.74683
X2i_9_ratio__X2i_4_ratio	0.119392	0.594157	0.325287
X2i_9_ratio__X2i_5_ratio	0.122387	0.463762	0.471564
Ser_5_ratio__Ser_5_ratio	0.091636	0.091636	0.89912
Ser_5_ratio__Ser_6_ratio	0.035128	0.780655	0.190924
X2i_9_ratio__X2i_6_ratio	0.129632	0.752678	0.135219
X2i_9_ratio__X2i_7_ratio	0.104244	0.53012	0.408187
Ser_5_ratio__Ser_7_ratio	0.186334	0.079732	0.902009
X2i_9_ratio__X2i_8_ratio	0.082247	0.783292	0.14651
Ser_5_ratio__Ser_8_ratio	0.156415	0.10084	0.880463
X2i_9_ratio__X2i_9_ratio	0.091636	0.091636	0.89912
Ser_5_ratio__Ser_9_ratio	0.079731	0.306519	0.666925
X2i_9_ratio__X2i_10_ratio	0.135486	0.629303	0.272073
X2i_9_ratio__X2i_11_ratio	0.06809	0.813133	0.127455
Ser_5_ratio__Ser_10_ratio	0.124387	0.172797	0.802657
X2i_9_ratio__X2i_12_ratio	0.089318	0.595283	0.346333
Ser_5_ratio__Ser_11_ratio	0.171535	0.098181	0.88149
X2i_9_ratio__X2i_Bulk_ratio	0.079655	0.981002	0.460013
X2i_10_ratio__X2i_1_ratio	0.096038	0.68615	0.240952
Ser_5_ratio__Ser_12_ratio	0.259274	0.129551	0.825103
X2i_10_ratio__X2i_2_ratio	0.095613	0.642324	0.289769
Ser_5_ratio__Ser_13_ratio	0.118354	0.250237	0.716171
X2i_10_ratio__X2i_3_ratio	0.117685	0.38151	0.567604
Ser_5_ratio__Ser_14_ratio	0.085833	0.285362	0.687844
X2i_10_ratio__X2i_4_ratio	0.114357	0.671993	0.241238
Ser_5_ratio__Ser_15_ratio	0.106918	0.256762	0.7125
X2i_10_ratio__X2i_5_ratio	0.118228	0.593488	0.326937
Ser_5_ratio__Ser_16_ratio	0.096984	0.383087	0.57577
X2i_10_ratio__X2i_6_ratio	0.120377	0.745541	0.152431
Ser_5_ratio__Ser_17_ratio	0.201971	0.142625	0.82128
X2i_10_ratio__X2i_7_ratio	0.100572	0.661007	0.265081
Ser_5_ratio__Ser_18_ratio	0.169014	0.167883	0.797971
X2i_10_ratio__X2i_8_ratio	0.074942	0.805325	0.129432
X2i_10_ratio__X2i_9_ratio	0.091243	0.751289	0.173278
Ser_5_ratio__Ser_19_ratio	0.139628	0.23028	0.732348
Ser_5_ratio__Ser_20_ratio	0.145853	0.231492	0.728979
X2i_10_ratio__X2i_10_ratio	0.091636	0.091636	0.89912
Ser_5_ratio__Ser_Bulk_ratio	0.185595	0.320612	0.606324
X2i_10_ratio__X2i_11_ratio	0.062159	0.842952	0.101179
X2i_10_ratio__X2i_12_ratio	0.086481	0.70594	0.22723
X2i_10_ratio__X2i_Bulk_ratio	0.074825	0.928583	0.305038
Ser_6_ratio__Ser_1_ratio	0.75639	0.058127	0.761391
X2i_11_ratio__X2i_1_ratio	0.129169	0.700442	0.195662
X2i_11_ratio__X2i_2_ratio	0.122539	0.60135	0.31467
Ser_6_ratio__Ser_2_ratio	0.236459	0.075441	0.901197
X2i_11_ratio__X2i_3_ratio	0.178342	0.591959	0.279555
Ser_6_ratio__Ser_3_ratio	0.110159	0.367178	0.587367
X2i_11_ratio__X2i_4_ratio	0.150387	0.683556	0.195451
X2i_11_ratio__X2i_5_ratio	0.158832	0.63283	0.247677
Ser_6_ratio__Ser_4_ratio	0.180824	0.118833	0.854936
X2i_11_ratio__X2i_6_ratio	0.135866	0.726428	0.159358
X2i_11_ratio__X2i_7_ratio	0.136384	0.684717	0.207151
Ser_6_ratio__Ser_5_ratio	0.217166	0.140832	0.8201
X2i_11_ratio__X2i_8_ratio	0.091478	0.77571	0.146184
Ser_6_ratio__Ser_6_ratio	0.091636	0.091636	0.89912
X2i_11_ratio__X2i_9_ratio	0.115927	0.735423	0.168142
X2i_11_ratio__X2i_10_ratio	0.156901	0.668299	0.207331
Ser_6_ratio__Ser_7_ratio	0.723843	0.06001	0.782697
X2i_11_ratio__X2i_11_ratio	0.091636	0.091636	0.899119
X2i_11_ratio__X2i_12_ratio	0.119814	0.729479	0.171222
Ser_6_ratio__Ser_8_ratio	0.286871	0.051452	0.92785
X2i_11_ratio__X2i_Bulk_ratio	0.114353	0.813345	0.081637
Ser_6_ratio__Ser_9_ratio	0.168937	0.177192	0.786789
X2i_12_ratio__X2i_1_ratio	0.081653	0.494167	0.461895
X2i_12_ratio__X2i_2_ratio	0.092168	0.514236	0.433556
Ser_6_ratio__Ser_10_ratio	0.237961	0.082101	0.892261
X2i_12_ratio__X2i_3_ratio	0.124868	0.29923	0.658074
X2i_12_ratio__X2i_4_ratio	0.11427	0.645608	0.271101
X2i_12_ratio__X2i_5_ratio	0.115485	0.498274	0.43667
Ser_6_ratio__Ser_11_ratio	0.33709	0.05862	0.911571
X2i_12_ratio__X2i_6_ratio	0.14334	0.822689	0.039656
Ser_6_ratio__Ser_12_ratio	0.426192	0.066021	0.884942
X2i_12_ratio__X2i_7_ratio	0.099239	0.566599	0.370977
Ser_6_ratio__Ser_13_ratio	0.20296	0.132793	0.833392
X2i_12_ratio__X2i_8_ratio	0.079578	0.811025	0.118855
Ser_6_ratio__Ser_14_ratio	0.190524	0.189619	0.765751
X2i_12_ratio__X2i_9_ratio	0.088219	0.712888	0.218137
X2i_12_ratio__X2i_10_ratio	0.137667	0.687455	0.202797
Ser_6_ratio__Ser_15_ratio	0.189461	0.155731	0.807867
X2i_12_ratio__X2i_11_ratio	0.063414	0.822788	0.121504
Ser_6_ratio__Ser_16_ratio	0.178362	0.221184	0.730802
X2i_12_ratio__X2i_12_ratio	0.091636	0.091636	0.89912
X2i_12_ratio__X2i_Bulk_ratio	0.057684	0.68932	0.268483
Ser_6_ratio__Ser_17_ratio	0.399461	0.070597	0.882445
Ser_6_ratio__Ser_18_ratio	0.307238	0.085459	0.87664
X2i_Bulk_ratio__X2i_1_ratio	0.159881	0.011864	0.985879
Ser_6_ratio__Ser_19_ratio	0.245074	0.130228	0.827495
Ser_6_ratio__Ser_20_ratio	0.246659	0.124462	0.834786
Ser_6_ratio__Ser_Bulk_ratio	0.368627	0.262279	0.58459
Ser_7_ratio__Ser_1_ratio	0.138736	0.112745	0.869094
Ser_7_ratio__Ser_2_ratio	0.088228	0.213893	0.765409
Ser_7_ratio__Ser_3_ratio	0.052064	0.650491	0.313781
Ser_7_ratio__Ser_4_ratio	0.056419	0.373153	0.604536
Ser_7_ratio__Ser_5_ratio	0.093772	0.341785	0.622849
Ser_7_ratio__Ser_6_ratio	0.029435	0.825193	0.149781
Ser_7_ratio__Ser_7_ratio	0.091636	0.091636	0.89912
Ser_7_ratio__Ser_8_ratio	0.11617	0.159713	0.819294
Ser_7_ratio__Ser_9_ratio	0.060029	0.460969	0.509592
Ser_7_ratio__Ser_10_ratio	0.089742	0.289873	0.681549
Ser_7_ratio__Ser_11_ratio	0.132347	0.154536	0.821892
Ser_7_ratio__Ser_12_ratio	0.226034	0.195709	0.747135
Ser_7_ratio__Ser_13_ratio	0.105504	0.386763	0.567619
Ser_7_ratio__Ser_14_ratio	0.05667	0.382863	0.594137
Ser_7_ratio__Ser_15_ratio	0.08664	0.403749	0.557952
Ser_7_ratio__Ser_16_ratio	0.078851	0.511297	0.444936
Ser_7_ratio__Ser_17_ratio	0.160687	0.198555	0.763433
Ser_7_ratio__Ser_18_ratio	0.136664	0.256913	0.702418
Ser_7_ratio__Ser_19_ratio	0.116359	0.384519	0.564847
Ser_7_ratio__Ser_20_ratio	0.118852	0.371195	0.578737
Ser_7_ratio__Ser_Bulk_ratio	0.132353	0.428653	0.696725
Ser_8_ratio__Ser_1_ratio	0.15273	0.09646	0.886151
Ser_8_ratio__Ser_2_ratio	0.097747	0.18754	0.792142
Ser_8_ratio__Ser_3_ratio	0.054335	0.620896	0.343429
Ser_8_ratio__Ser_4_ratio	0.061635	0.321276	0.657621
Ser_8_ratio__Ser_5_ratio	0.099044	0.301305	0.665572
Ser_8_ratio__Ser_6_ratio	0.027596	0.800298	0.176991
Ser_8_ratio__Ser_7_ratio	0.157178	0.108361	0.871432
Ser_8_ratio__Ser_8_ratio	0.091636	0.091637	0.89912
Ser_8_ratio__Ser_9_ratio	0.063086	0.395265	0.57812
Ser_8_ratio__Ser_10_ratio	0.100058	0.240105	0.7332
Ser_8_ratio__Ser_11_ratio	0.140515	0.135969	0.841802
Ser_8_ratio__Ser_12_ratio	0.235114	0.166527	0.782286
Ser_8_ratio__Ser_13_ratio	0.105688	0.320937	0.641136
Ser_8_ratio__Ser_14_ratio	0.064557	0.344697	0.631514
Ser_8_ratio__Ser_15_ratio	0.091421	0.343169	0.622301
Ser_8_ratio__Ser_16_ratio	0.08296	0.46372	0.494329
Ser_8_ratio__Ser_17_ratio	0.173729	0.181201	0.7807
Ser_8_ratio__Ser_18_ratio	0.145776	0.225233	0.736331
Ser_8_ratio__Ser_19_ratio	0.120901	0.315567	0.641033
Ser_8_ratio__Ser_20_ratio	0.124289	0.308527	0.647685
Ser_8_ratio__Ser_Bulk_ratio	0.140008	0.439136	0.756695
Ser_9_ratio__Ser_1_ratio	0.218801	0.042965	0.945005
Ser_9_ratio__Ser_2_ratio	0.144073	0.095789	0.88809
Ser_9_ratio__Ser_3_ratio	0.064378	0.44804	0.521131
Ser_9_ratio__Ser_4_ratio	0.099919	0.174125	0.806544
Ser_9_ratio__Ser_5_ratio	0.135163	0.177201	0.795106
Ser_9_ratio__Ser_6_ratio	0.033827	0.729803	0.244646
Ser_9_ratio__Ser_7_ratio	0.219104	0.048602	0.937764
Ser_9_ratio__Ser_8_ratio	0.181119	0.066465	0.918833
Ser_9_ratio__Ser_9_ratio	0.091636	0.091636	0.89912
Ser_9_ratio__Ser_10_ratio	0.146746	0.123668	0.855065
Ser_9_ratio__Ser_11_ratio	0.200958	0.06172	0.922758
Ser_9_ratio__Ser_12_ratio	0.288532	0.086781	0.878024
Ser_9_ratio__Ser_13_ratio	0.13764	0.178439	0.79308
Ser_9_ratio__Ser_14_ratio	0.102336	0.223159	0.768568
Ser_9_ratio__Ser_15_ratio	0.123267	0.191742	0.7813
Ser_9_ratio__Ser_16_ratio	0.105491	0.295195	0.669991
Ser_9_ratio__Ser_17_ratio	0.23045	0.103067	0.866075
Ser_9_ratio__Ser_18_ratio	0.192364	0.12184	0.84914
Ser_9_ratio__Ser_19_ratio	0.159272	0.163013	0.806105
Ser_9_ratio__Ser_20_ratio	0.165184	0.169732	0.796684
Ser_9_ratio__Ser_Bulk_ratio	0.207772	0.285276	0.639906
Ser_10_ratio__Ser_1_ratio	0.176716	0.063012	0.923462
Ser_10_ratio__Ser_2_ratio	0.115988	0.130371	0.852524
Ser_10_ratio__Ser_3_ratio	0.054093	0.532568	0.436977
Ser_10_ratio__Ser_4_ratio	0.075208	0.223563	0.758256
Ser_10_ratio__Ser_5_ratio	0.110062	0.220773	0.751923
Ser_10_ratio__Ser_6_ratio	0.028366	0.767125	0.210479
Ser_10_ratio__Ser_7_ratio	0.181196	0.071093	0.913175
Ser_10_ratio__Ser_8_ratio	0.152417	0.093215	0.890024
Ser_10_ratio__Ser_9_ratio	0.072944	0.298226	0.678309
Ser_10_ratio__Ser_10_ratio	0.091636	0.091636	0.89912
Ser_10_ratio__Ser_11_ratio	0.165959	0.088191	0.894262
Ser_10_ratio__Ser_12_ratio	0.25547	0.116241	0.843872
Ser_10_ratio__Ser_13_ratio	0.113928	0.230085	0.740332
Ser_10_ratio__Ser_14_ratio	0.078775	0.268486	0.70856
Ser_10_ratio__Ser_15_ratio	0.100967	0.242254	0.73054
Ser_10_ratio__Ser_16_ratio	0.087978	0.355148	0.610594
Ser_10_ratio__Ser_17_ratio	0.193528	0.128311	0.840897
Ser_10_ratio__Ser_18_ratio	0.163389	0.151973	0.818346
Ser_10_ratio__Ser_19_ratio	0.131484	0.212897	0.754873
Ser_10_ratio__Ser_20_ratio	0.13916	0.217319	0.747551
Ser_10_ratio__Ser_Bulk_ratio	0.170927	0.312826	0.622681
Ser_11_ratio__Ser_1_ratio	0.146049	0.101008	0.881717
Ser_11_ratio__Ser_2_ratio	0.094277	0.191003	0.789115
Ser_11_ratio__Ser_3_ratio	0.052181	0.629235	0.336124
Ser_11_ratio__Ser_4_ratio	0.057331	0.329245	0.650731
Ser_11_ratio__Ser_5_ratio	0.094223	0.305405	0.662826
Ser_11_ratio__Ser_6_ratio	0.025303	0.80093	0.178279
Ser_11_ratio__Ser_7_ratio	0.150296	0.109539	0.871086
Ser_11_ratio__Ser_8_ratio	0.123567	0.13847	0.842008
Ser_11_ratio__Ser_9_ratio	0.059339	0.415633	0.558148
Ser_11_ratio__Ser_10_ratio	0.093469	0.248045	0.72638
Ser_11_ratio__Ser_11_ratio	0.091636	0.091636	0.89912
Ser_11_ratio__Ser_12_ratio	0.226385	0.162571	0.789856
Ser_11_ratio__Ser_13_ratio	0.100551	0.342709	0.618979
Ser_11_ratio__Ser_14_ratio	0.060429	0.346373	0.63135
Ser_11_ratio__Ser_15_ratio	0.087025	0.355915	0.61016
Ser_11_ratio__Ser_16_ratio	0.077884	0.46918	0.491192
Ser_11_ratio__Ser_17_ratio	0.164986	0.188088	0.774748
Ser_11_ratio__Ser_18_ratio	0.139285	0.220792	0.743479
Ser_11_ratio__Ser_19_ratio	0.115383	0.326623	0.630775
Ser_11_ratio__Ser_20_ratio	0.119902	0.316834	0.640002
Ser_11_ratio__Ser_Bulk_ratio	0.139456	0.432372	0.747447
Ser_12_ratio__Ser_1_ratio	0.133257	0.146831	0.830594
Ser_12_ratio__Ser_2_ratio	0.080077	0.271255	0.705132
Ser_12_ratio__Ser_3_ratio	0.065091	0.733119	0.21584
Ser_12_ratio__Ser_4_ratio	0.071373	0.643401	0.307148
Ser_12_ratio__Ser_5_ratio	0.094291	0.443351	0.510493
Ser_12_ratio__Ser_6_ratio	0.027712	0.837109	0.139033
Ser_12_ratio__Ser_7_ratio	0.138642	0.157617	0.817014
Ser_12_ratio__Ser_8_ratio	0.111092	0.218688	0.753981
Ser_12_ratio__Ser_9_ratio	0.06739	0.601184	0.355375
Ser_12_ratio__Ser_10_ratio	0.093876	0.482895	0.467077
Ser_12_ratio__Ser_11_ratio	0.120579	0.199276	0.773402
Ser_12_ratio__Ser_12_ratio	0.091636	0.091636	0.89912
Ser_12_ratio__Ser_13_ratio	0.103275	0.500738	0.441593
Ser_12_ratio__Ser_14_ratio	0.073251	0.600247	0.352309
Ser_12_ratio__Ser_15_ratio	0.087724	0.517308	0.432948
Ser_12_ratio__Ser_16_ratio	0.083334	0.598253	0.34736
Ser_12_ratio__Ser_17_ratio	0.152021	0.259199	0.694333
Ser_12_ratio__Ser_18_ratio	0.127215	0.337009	0.61387
Ser_12_ratio__Ser_19_ratio	0.114287	0.493912	0.442356
Ser_12_ratio__Ser_20_ratio	0.115773	0.475198	0.462584
Ser_12_ratio__Ser_Bulk_ratio	0.15806	0.490885	0.416959
Ser_13_ratio__Ser_1_ratio	0.174784	0.088717	0.892493
Ser_13_ratio__Ser_2_ratio	0.115743	0.156413	0.823114
Ser_13_ratio__Ser_3_ratio	0.064448	0.589199	0.370213
Ser_13_ratio__Ser_4_ratio	0.07974	0.272883	0.703472
Ser_13_ratio__Ser_5_ratio	0.11435	0.251899	0.715577
Ser_13_ratio__Ser_6_ratio	0.033654	0.785496	0.187149
Ser_13_ratio__Ser_7_ratio	0.175952	0.090821	0.889787
Ser_13_ratio__Ser_8_ratio	0.146259	0.121048	0.858214
Ser_13_ratio__Ser_9_ratio	0.076849	0.348231	0.622781
Ser_13_ratio__Ser_10_ratio	0.119398	0.198374	0.774729
Ser_13_ratio__Ser_11_ratio	0.162055	0.114523	0.863328
Ser_13_ratio__Ser_12_ratio	0.248735	0.148213	0.802716
Ser_13_ratio__Ser_13_ratio	0.091636	0.091636	0.89912
Ser_13_ratio__Ser_14_ratio	0.082712	0.316052	0.65545
Ser_13_ratio__Ser_15_ratio	0.105359	0.287248	0.678923
Ser_13_ratio__Ser_16_ratio	0.095769	0.41222	0.544122
Ser_13_ratio__Ser_17_ratio	0.19119	0.163114	0.798328
Ser_13_ratio__Ser_18_ratio	0.165537	0.198878	0.761669
Ser_13_ratio__Ser_19_ratio	0.136769	0.266097	0.691743
Ser_13_ratio__Ser_20_ratio	0.141372	0.263315	0.69333
Ser_13_ratio__Ser_Bulk_ratio	0.173174	0.441647	0.770215
Ser_14_ratio__Ser_1_ratio	0.210555	0.034666	0.956088
Ser_14_ratio__Ser_2_ratio	0.136375	0.096585	0.888168
Ser_14_ratio__Ser_3_ratio	0.057626	0.447613	0.525016
Ser_14_ratio__Ser_4_ratio	0.092209	0.176134	0.805972
Ser_14_ratio__Ser_5_ratio	0.126105	0.183051	0.790534
Ser_14_ratio__Ser_6_ratio	0.031165	0.734383	0.241995
Ser_14_ratio__Ser_7_ratio	0.213681	0.056965	0.972946
Ser_14_ratio__Ser_8_ratio	0.176109	0.056463	0.931467
Ser_14_ratio__Ser_9_ratio	0.086951	0.239642	0.73754
Ser_14_ratio__Ser_10_ratio	0.138036	0.123721	0.856467
Ser_14_ratio__Ser_11_ratio	0.192343	0.057318	0.929027
Ser_14_ratio__Ser_12_ratio	0.278859	0.089173	0.876345
Ser_14_ratio__Ser_13_ratio	0.130904	0.182878	0.789577
Ser_14_ratio__Ser_14_ratio	0.091636	0.091635	0.899119
Ser_14_ratio__Ser_15_ratio	0.117338	0.193473	0.780808
Ser_14_ratio__Ser_16_ratio	0.099963	0.289759	0.678057
Ser_14_ratio__Ser_17_ratio	0.219921	0.096264	0.876594
Ser_14_ratio__Ser_18_ratio	0.187382	0.116754	0.856326
Ser_14_ratio__Ser_19_ratio	0.15261	0.161842	0.809011
Ser_14_ratio__Ser_20_ratio	0.15774	0.165946	0.802973
Ser_14_ratio__Ser_Bulk_ratio	0.198679	0.279569	0.651114
Ser_15_ratio__Ser_1_ratio	0.187413	0.071704	0.911757
Ser_15_ratio__Ser_2_ratio	0.123988	0.138515	0.841881
Ser_15_ratio__Ser_3_ratio	0.06352	0.54568	0.417307
Ser_15_ratio__Ser_4_ratio	0.085432	0.227133	0.75165
Ser_15_ratio__Ser_5_ratio	0.119375	0.229753	0.739103
Ser_15_ratio__Ser_6_ratio	0.036336	0.773922	0.196896
Ser_15_ratio__Ser_7_ratio	0.193149	0.080302	0.900475
Ser_15_ratio__Ser_8_ratio	0.157079	0.101735	0.879307
Ser_15_ratio__Ser_9_ratio	0.08267	0.308727	0.66345
Ser_15_ratio__Ser_10_ratio	0.129919	0.163412	0.812188
Ser_15_ratio__Ser_11_ratio	0.17261	0.09973	0.879465
Ser_15_ratio__Ser_12_ratio	0.265176	0.126749	0.827513
Ser_15_ratio__Ser_13_ratio	0.12068	0.234239	0.733614
Ser_15_ratio__Ser_14_ratio	0.088724	0.2789	0.693945
Ser_15_ratio__Ser_15_ratio	0.091636	0.091636	0.89912
Ser_15_ratio__Ser_16_ratio	0.097125	0.367363	0.593118
Ser_15_ratio__Ser_17_ratio	0.206821	0.131261	0.834514
Ser_15_ratio__Ser_18_ratio	0.173101	0.160746	0.805603
Ser_15_ratio__Ser_19_ratio	0.140831	0.222348	0.741206
Ser_15_ratio__Ser_20_ratio	0.146134	0.229957	0.730688
Ser_15_ratio__Ser_Bulk_ratio	0.188944	0.320443	0.604906
Ser_16_ratio__Ser_1_ratio	0.223707	0.040939	0.947267
Ser_16_ratio__Ser_2_ratio	0.146678	0.086624	0.898487
Ser_16_ratio__Ser_3_ratio	0.062764	0.419165	0.552765
Ser_16_ratio__Ser_4_ratio	0.105104	0.157025	0.824535
Ser_16_ratio__Ser_5_ratio	0.138019	0.16708	0.806165
Ser_16_ratio__Ser_6_ratio	0.034607	0.723116	0.250962
Ser_16_ratio__Ser_7_ratio	0.225296	0.044294	0.942827
Ser_16_ratio__Ser_8_ratio	0.186132	0.055554	0.931742
Ser_16_ratio__Ser_9_ratio	0.097217	0.223878	0.752014
Ser_16_ratio__Ser_10_ratio	0.151328	0.105599	0.875572
Ser_16_ratio__Ser_11_ratio	0.204613	0.055656	0.930026
Ser_16_ratio__Ser_12_ratio	0.294607	0.083511	0.881607
Ser_16_ratio__Ser_13_ratio	0.13742	0.158937	0.815742
Ser_16_ratio__Ser_14_ratio	0.108165	0.209965	0.764571
Ser_16_ratio__Ser_15_ratio	0.124584	0.167885	0.808223
Ser_16_ratio__Ser_16_ratio	0.091636	0.091636	0.899119
Ser_16_ratio__Ser_17_ratio	0.234752	0.09037	0.881908
Ser_16_ratio__Ser_18_ratio	0.19997	0.101869	0.872668
Ser_16_ratio__Ser_19_ratio	0.161768	0.150178	0.82084
Ser_16_ratio__Ser_20_ratio	0.1685	0.152273	0.816871
Ser_16_ratio__Ser_Bulk_ratio	0.219043	0.275545	0.64717
Ser_17_ratio__Ser_1_ratio	0.145305	0.093101	0.891071
Ser_17_ratio__Ser_2_ratio	0.093172	0.171145	0.811272
Ser_17_ratio__Ser_3_ratio	0.050632	0.628758	0.337708
Ser_17_ratio__Ser_4_ratio	0.055493	0.289923	0.693043
Ser_17_ratio__Ser_5_ratio	0.092538	0.28755	0.683127
Ser_17_ratio__Ser_6_ratio	0.021665	0.796109	0.186261
Ser_17_ratio__Ser_7_ratio	0.151354	0.097302	0.885344
Ser_17_ratio__Ser_8_ratio	0.123124	0.126669	0.855544
Ser_17_ratio__Ser_9_ratio	0.056896	0.391418	0.584969
Ser_17_ratio__Ser_10_ratio	0.089617	0.216672	0.761999
Ser_17_ratio__Ser_11_ratio	0.138264	0.121047	0.859531
Ser_17_ratio__Ser_12_ratio	0.222903	0.148706	0.808639
Ser_17_ratio__Ser_13_ratio	0.096216	0.308822	0.658302
Ser_17_ratio__Ser_14_ratio	0.057991	0.337377	0.641854
Ser_17_ratio__Ser_15_ratio	0.082834	0.319336	0.651822
Ser_17_ratio__Ser_16_ratio	0.072875	0.441488	0.523811
Ser_17_ratio__Ser_17_ratio	0.091636	0.091636	0.899119
Ser_17_ratio__Ser_18_ratio	0.134414	0.19733	0.772027
Ser_17_ratio__Ser_19_ratio	0.10878	0.29574	0.668163
Ser_17_ratio__Ser_20_ratio	0.113606	0.292427	0.670094
Ser_17_ratio__Ser_Bulk_ratio	0.133051	0.538944	0.916331
Ser_18_ratio__Ser_1_ratio	0.156848	0.081277	0.903604
Ser_18_ratio__Ser_2_ratio	0.101825	0.158398	0.823645
Ser_18_ratio__Ser_3_ratio	0.052034	0.592751	0.374712
Ser_18_ratio__Ser_4_ratio	0.064508	0.258997	0.723143
Ser_18_ratio__Ser_5_ratio	0.09798	0.255692	0.716534
Ser_18_ratio__Ser_6_ratio	0.024405	0.782652	0.19777
Ser_18_ratio__Ser_7_ratio	0.161792	0.087533	0.895571
Ser_18_ratio__Ser_8_ratio	0.133995	0.115215	0.866958
Ser_18_ratio__Ser_9_ratio	0.062784	0.350112	0.626435
Ser_18_ratio__Ser_10_ratio	0.103111	0.191156	0.786868
Ser_18_ratio__Ser_11_ratio	0.146715	0.108541	0.872798
Ser_18_ratio__Ser_12_ratio	0.231794	0.131773	0.828467
Ser_18_ratio__Ser_13_ratio	0.101582	0.28139	0.686794
Ser_18_ratio__Ser_14_ratio	0.068065	0.30884	0.668604
Ser_18_ratio__Ser_15_ratio	0.087413	0.286055	0.686546
Ser_18_ratio__Ser_16_ratio	0.079365	0.406044	0.558953
Ser_18_ratio__Ser_17_ratio	0.176015	0.147199	0.821358
Ser_18_ratio__Ser_18_ratio	0.091636	0.091636	0.89912
Ser_18_ratio__Ser_19_ratio	0.117698	0.252211	0.714145
Ser_18_ratio__Ser_20_ratio	0.120671	0.259153	0.705284
Ser_18_ratio__Ser_Bulk_ratio	0.144631	0.404587	0.815991
Ser_19_ratio__Ser_1_ratio	0.182166	0.063745	0.922056
Ser_19_ratio__Ser_2_ratio	0.11582	0.126444	0.856993
Ser_19_ratio__Ser_3_ratio	0.054105	0.51898	0.451335
Ser_19_ratio__Ser_4_ratio	0.079567	0.207726	0.774318
Ser_19_ratio__Ser_5_ratio	0.111655	0.212941	0.760294
Ser_19_ratio__Ser_6_ratio	0.027516	0.758021	0.220531
Ser_19_ratio__Ser_7_ratio	0.184872	0.067387	0.917329
Ser_19_ratio__Ser_8_ratio	0.151578	0.085288	0.899475
Ser_19_ratio__Ser_9_ratio	0.073634	0.285848	0.691431
Ser_19_ratio__Ser_10_ratio	0.122599	0.144545	0.835257
Ser_19_ratio__Ser_11_ratio	0.166031	0.084973	0.898111
Ser_19_ratio__Ser_12_ratio	0.252198	0.105244	0.859263
Ser_19_ratio__Ser_13_ratio	0.11347	0.213007	0.75973
Ser_19_ratio__Ser_14_ratio	0.080061	0.265563	0.711324
Ser_19_ratio__Ser_15_ratio	0.101591	0.227547	0.746723
Ser_19_ratio__Ser_16_ratio	0.08702	0.341431	0.626027
Ser_19_ratio__Ser_17_ratio	0.195517	0.120604	0.850086
Ser_19_ratio__Ser_18_ratio	0.165712	0.139784	0.832451
Ser_19_ratio__Ser_19_ratio	0.091636	0.091636	0.89912
Ser_19_ratio__Ser_20_ratio	0.138679	0.203332	0.76393
Ser_19_ratio__Ser_Bulk_ratio	0.179957	0.310378	0.62151
Ser_20_ratio__Ser_1_ratio	0.176458	0.060643	0.926357
Ser_20_ratio__Ser_2_ratio	0.113436	0.127844	0.855799
Ser_20_ratio__Ser_3_ratio	0.053622	0.528586	0.441464
Ser_20_ratio__Ser_4_ratio	0.074425	0.218158	0.7643
Ser_20_ratio__Ser_5_ratio	0.111042	0.209794	0.764001
Ser_20_ratio__Ser_6_ratio	0.027575	0.76303	0.215332
Ser_20_ratio__Ser_7_ratio	0.180152	0.067861	0.917227
Ser_20_ratio__Ser_8_ratio	0.14805	0.088562	0.896049
Ser_20_ratio__Ser_9_ratio	0.073029	0.290236	0.686898
Ser_20_ratio__Ser_10_ratio	0.117104	0.156045	0.823258
Ser_20_ratio__Ser_11_ratio	0.163171	0.086513	0.896619
Ser_20_ratio__Ser_12_ratio	0.250449	0.109248	0.854251
Ser_20_ratio__Ser_13_ratio	0.11172	0.220561	0.751699
Ser_20_ratio__Ser_14_ratio	0.077293	0.265617	0.712133
Ser_20_ratio__Ser_15_ratio	0.09916	0.232279	0.742153
Ser_20_ratio__Ser_16_ratio	0.084009	0.347768	0.620337
Ser_20_ratio__Ser_17_ratio	0.191522	0.125969	0.84419
Ser_20_ratio__Ser_18_ratio	0.161723	0.148194	0.823217
Ser_20_ratio__Ser_19_ratio	0.131096	0.202156	0.767343
Ser_20_ratio__Ser_20_ratio	0.091636	0.091636	0.89912
Ser_20_ratio__Ser_Bulk_ratio	0.177966	0.312574	0.619755
Ser_Bulk_ratio__Ser_1_ratio	0.182335	0.013394	0.983624
Ser_Bulk_ratio__Ser_2_ratio	0.126964	0.069537	0.941491
Ser_Bulk_ratio__Ser_3_ratio	0.037246	0.391159	0.593708
Ser_Bulk_ratio__Ser_4_ratio	0.074635	0.10431	0.887277
Ser_Bulk_ratio__Ser_5_ratio	0.110321	0.132339	0.851251
Ser_Bulk_ratio__Ser_6_ratio	0.018342	0.70925	0.277497
Ser_Bulk_ratio__Ser_7_ratio	0.195373	0.005631	0.992999
Ser_Bulk_ratio__Ser_8_ratio	0.16638	0.022493	0.97302
Ser_Bulk_ratio__Ser_9_ratio	0.067887	0.18774	0.798588
Ser_Bulk_ratio__Ser_10_ratio	0.12322	0.057276	0.934673
Ser_Bulk_ratio__Ser_11_ratio	0.179602	0.032748	0.960089
Ser_Bulk_ratio__Ser_12_ratio	0.284942	0.045447	0.936444
Ser_Bulk_ratio__Ser_13_ratio	0.12517	0.138815	0.841322
Ser_Bulk_ratio__Ser_14_ratio	0.065789	0.159576	0.829188
Ser_Bulk_ratio__Ser_15_ratio	0.111847	0.102563	0.88452
Ser_Bulk_ratio__Ser_16_ratio	0.082071	0.187908	0.79529
Ser_Bulk_ratio__Ser_17_ratio	0.208956	0.043927	0.956579
Ser_Bulk_ratio__Ser_18_ratio	0.172801	0.069638	0.915817
Ser_Bulk_ratio__Ser_19_ratio	0.146038	0.080996	0.905156
Ser_Bulk_ratio__Ser_20_ratio	0.148618	0.094542	0.888956
Ser_Bulk_ratio__Ser_Bulk_ratio	0.091636	0.091636	0.899119
X2i_Bulk_ratio__X2i_9_ratio	0.101326	0.048988	0.94549
MII_mean	0.043873	0.164787	0.827652
MII_1_ratio__MII_1_ratio	0.091636	0.091636	0.899119
2i_mean	0.09783	0.633453	0.297857
MII_1_ratio__MII_2_ratio	0.037132	0.179785	0.813282
Ser_mean	0.114755	0.193588	0.781317
MII_1_ratio__MII_3_ratio	0.048801	0.185429	0.805057
MII_1_ratio__MII_4_ratio	0.031961	0.151887	0.843099
MII_1_ratio__MII_5_ratio	0.035822	0.156767	0.837409
MII_1_ratio__MII_6_ratio	0.038733	0.157347	0.836313
MII_1_ratio__MII_7_ratio	0.066821	0.155292	0.833588
MII_1_ratio__MII_8_ratio	0.043224	0.138224	0.855532
MII_1_ratio__MII_9_ratio	0.062702	0.132237	0.858916
MII_1_ratio__MII_10_ratio	0.075029	0.119672	0.870621
MII_1_ratio__MII_11_ratio	0.073168	0.115896	0.874954
MII_1_ratio__MII_12_ratio	0.072584	0.140005	0.849038
MII_1_ratio__MII_Bulk_ratio	0.097981	0.212357	0.764576
MII_1_ratio__MII_2D_ratio	0.039723	0.209548	0.781784
MII_1_ratio__MII_5D_ratio	0.054049	0.174382	0.815655
MII_2_ratio__MII_1_ratio	0.033754	0.113802	0.882223
MII_2_ratio__MII_2_ratio	0.091636	0.091636	0.89912
MII_2_ratio__MII_3_ratio	0.060657	0.14629	0.844263
MII_2_ratio__MII_4_ratio	0.036389	0.107819	0.888109
MII_2_ratio__MII_5_ratio	0.045319	0.109975	0.884805
MII_2_ratio__MII_6_ratio	0.047777	0.105979	0.888705
MII_2_ratio__MII_7_ratio	0.071267	0.115905	0.8752
MII_2_ratio__MII_8_ratio	0.048485	0.104717	0.889948
MII_2_ratio__MII_9_ratio	0.070913	0.101826	0.890402
MII_2_ratio__MII_10_ratio	0.081892	0.093444	0.898222
MII_2_ratio__MII_11_ratio	0.078281	0.088764	0.903697
MII_2_ratio__MII_12_ratio	0.075797	0.108353	0.882761
MII_2_ratio__MII_Bulk_ratio	0.116445	0.155013	0.824565
MII_2_ratio__MII_2D_ratio	0.070516	0.124226	0.86635
MII_2_ratio__MII_5D_ratio	0.065867	0.12975	0.861102
MII_3_ratio__MII_1_ratio	0.034064	0.096086	0.900525
MII_3_ratio__MII_2_ratio	0.044874	0.116875	0.877637
MII_3_ratio__MII_3_ratio	0.091636	0.091636	0.89912
MII_3_ratio__MII_4_ratio	0.038355	0.091166	0.905198
MII_3_ratio__MII_5_ratio	0.045449	0.093025	0.902546
MII_3_ratio__MII_6_ratio	0.048712	0.089031	0.90641
MII_3_ratio__MII_7_ratio	0.073127	0.104789	0.886944
MII_3_ratio__MII_8_ratio	0.050092	0.081898	0.913783
MII_3_ratio__MII_9_ratio	0.071365	0.085115	0.908344
MII_3_ratio__MII_10_ratio	0.083148	0.076991	0.916027
MII_3_ratio__MII_11_ratio	0.079352	0.075534	0.917957
MII_3_ratio__MII_12_ratio	0.077453	0.096392	0.895515
MII_3_ratio__MII_Bulk_ratio	0.112427	0.140437	0.867661
MII_3_ratio__MII_2D_ratio	0.050495	0.128138	0.865048
MII_3_ratio__MII_5D_ratio	0.064933	0.113899	0.878191
MII_4_ratio__MII_1_ratio	0.026024	0.717055	0.263786
MII_4_ratio__MII_2_ratio	0.020705	0.267613	0.726729
MII_4_ratio__MII_3_ratio	0.032842	0.326757	0.662148
MII_4_ratio__MII_4_ratio	0.091636	0.091636	0.89912
MII_4_ratio__MII_5_ratio	0.02082	0.222565	0.772703
MII_4_ratio__MII_6_ratio	0.023369	0.219175	0.77558
MII_4_ratio__MII_7_ratio	0.058965	0.204809	0.782357
MII_4_ratio__MII_8_ratio	0.030198	0.201734	0.791984
MII_4_ratio__MII_9_ratio	0.052052	0.185529	0.804284
MII_4_ratio__MII_10_ratio	0.06336	0.173145	0.815142
MII_4_ratio__MII_11_ratio	0.064618	0.164369	0.824276
MII_4_ratio__MII_12_ratio	0.059018	0.204211	0.782981
MII_4_ratio__MII_Bulk_ratio	0.079878	0.315449	0.657166
MII_4_ratio__MII_2D_ratio	0.031178	0.549558	0.432757
MII_4_ratio__MII_5D_ratio	0.036735	0.28212	0.707121
MII_5_ratio__MII_1_ratio	0.026663	0.141277	0.854853
MII_5_ratio__MII_2_ratio	0.035915	0.178187	0.815175
MII_5_ratio__MII_3_ratio	0.052056	0.175965	0.814371
MII_5_ratio__MII_4_ratio	0.032989	0.125459	0.87026
MII_5_ratio__MII_5_ratio	0.091636	0.091636	0.89912
MII_5_ratio__MII_6_ratio	0.040069	0.136649	0.857647
MII_5_ratio__MII_7_ratio	0.06802	0.145763	0.843598
MII_5_ratio__MII_8_ratio	0.04188	0.133147	0.861033
MII_5_ratio__MII_9_ratio	0.064697	0.122911	0.868587
MII_5_ratio__MII_10_ratio	0.073761	0.108837	0.882496
MII_5_ratio__MII_11_ratio	0.0727	0.111103	0.880187
MII_5_ratio__MII_12_ratio	0.070598	0.132595	0.857333
MII_5_ratio__MII_Bulk_ratio	0.103755	0.197401	0.779748
MII_5_ratio__MII_2D_ratio	0.040826	0.192046	0.79978
MII_5_ratio__MII_5D_ratio	0.067222	0.149135	0.840105
MII_6_ratio__MII_1_ratio	0.02679	0.142949	0.853116
MII_6_ratio__MII_2_ratio	0.036359	0.16814	0.825516
MII_6_ratio__MII_3_ratio	0.047844	0.194867	0.795341
MII_6_ratio__MII_4_ratio	0.03019	0.13624	0.859519
MII_6_ratio__MII_5_ratio	0.037451	0.137358	0.857297
MII_6_ratio__MII_6_ratio	0.091636	0.091636	0.89912
MII_6_ratio__MII_7_ratio	0.065125	0.146445	0.843353
MII_6_ratio__MII_8_ratio	0.040762	0.122447	0.87235
MII_6_ratio__MII_9_ratio	0.059727	0.12905	0.862753
MII_6_ratio__MII_10_ratio	0.072322	0.114846	0.8762
MII_6_ratio__MII_11_ratio	0.07044	0.114007	0.877353
MII_6_ratio__MII_12_ratio	0.069392	0.135629	0.85426
MII_6_ratio__MII_Bulk_ratio	0.103373	0.193179	0.784548
MII_6_ratio__MII_2D_ratio	0.042147	0.183101	0.808843
MII_6_ratio__MII_5D_ratio	0.053762	0.172642	0.817549
MII_7_ratio__MII_1_ratio	0.025786	0.847051	0.130529
MII_7_ratio__MII_2_ratio	0.030904	0.813088	0.160983
MII_7_ratio__MII_3_ratio	0.038229	0.786666	0.182065
MII_7_ratio__MII_4_ratio	0.033213	0.843901	0.127107
MII_7_ratio__MII_5_ratio	0.030476	0.822879	0.151254
MII_7_ratio__MII_6_ratio	0.030898	0.824852	0.14885
MII_7_ratio__MII_7_ratio	0.091636	0.091636	0.89912
MII_7_ratio__MII_8_ratio	0.038466	0.774069	0.194964
MII_7_ratio__MII_9_ratio	0.05777	0.730134	0.2251
MII_7_ratio__MII_10_ratio	0.067282	0.683887	0.26678
MII_7_ratio__MII_11_ratio	0.060661	0.626935	0.332578
MII_7_ratio__MII_12_ratio	0.066912	0.694182	0.256038
MII_7_ratio__MII_Bulk_ratio	0.074824	0.7473	0.192263
MII_7_ratio__MII_2D_ratio	0.035741	0.804701	0.165472
MII_7_ratio__MII_5D_ratio	0.042578	0.796008	0.168592
MII_8_ratio__MII_1_ratio	0.028097	0.775008	0.202588
MII_8_ratio__MII_2_ratio	0.036995	0.718029	0.254387
MII_8_ratio__MII_3_ratio	0.044496	0.652563	0.317048
MII_8_ratio__MII_4_ratio	0.033164	0.771265	0.20228
MII_8_ratio__MII_5_ratio	0.033431	0.726732	0.248132
MII_8_ratio__MII_6_ratio	0.034625	0.739016	0.234478
MII_8_ratio__MII_7_ratio	0.058804	0.215984	0.770522
MII_8_ratio__MII_8_ratio	0.091636	0.091636	0.89912
MII_8_ratio__MII_9_ratio	0.044948	0.247732	0.740609
MII_8_ratio__MII_10_ratio	0.063107	0.197989	0.788675
MII_8_ratio__MII_11_ratio	0.061203	0.18647	0.801374
MII_8_ratio__MII_12_ratio	0.056845	0.235575	0.750227
MII_8_ratio__MII_Bulk_ratio	0.08069	0.502463	0.453435
MII_8_ratio__MII_2D_ratio	0.039949	0.675364	0.296533
MII_8_ratio__MII_5D_ratio	0.045768	0.645047	0.324014
MII_9_ratio__MII_1_ratio	0.025458	0.80238	0.17666
MII_9_ratio__MII_2_ratio	0.030639	0.726803	0.250225
MII_9_ratio__MII_3_ratio	0.03948	0.657444	0.315533
MII_9_ratio__MII_4_ratio	0.030921	0.811218	0.162898
MII_9_ratio__MII_5_ratio	0.030036	0.760643	0.215803
MII_9_ratio__MII_6_ratio	0.031319	0.758724	0.216745
MII_9_ratio__MII_7_ratio	0.053375	0.20343	0.7851
MII_9_ratio__MII_8_ratio	0.036994	0.733603	0.238216
MII_9_ratio__MII_9_ratio	0.091636	0.091636	0.899119
MII_9_ratio__MII_10_ratio	0.057502	0.182472	0.806395
MII_9_ratio__MII_11_ratio	0.058632	0.168319	0.821197
MII_9_ratio__MII_12_ratio	0.053338	0.212579	0.775445
MII_9_ratio__MII_Bulk_ratio	0.076399	0.508459	0.449482
MII_9_ratio__MII_2D_ratio	0.03473	0.704452	0.270202
MII_9_ratio__MII_5D_ratio	0.040243	0.672418	0.299388
MII_10_ratio__MII_1_ratio	0.025685	0.819345	0.159055
MII_10_ratio__MII_2_ratio	0.030004	0.776916	0.199053
MII_10_ratio__MII_3_ratio	0.040435	0.73163	0.237539
MII_10_ratio__MII_4_ratio	0.030398	0.829514	0.14448
MII_10_ratio__MII_5_ratio	0.029534	0.798136	0.177574
MII_10_ratio__MII_6_ratio	0.031861	0.796059	0.177743
MII_10_ratio__MII_7_ratio	0.04499	0.283296	0.703358
MII_10_ratio__MII_8_ratio	0.037248	0.770128	0.200076
MII_10_ratio__MII_9_ratio	0.054097	0.707876	0.25164
MII_10_ratio__MII_10_ratio	0.091636	0.091636	0.89912
MII_10_ratio__MII_11_ratio	0.052433	0.191665	0.797729
MII_10_ratio__MII_12_ratio	0.058567	0.630219	0.330574
MII_10_ratio__MII_Bulk_ratio	0.079982	0.665965	0.27614
MII_10_ratio__MII_2D_ratio	0.033617	0.753514	0.220274
MII_10_ratio__MII_5D_ratio	0.042399	0.744382	0.222659
MII_11_ratio__MII_1_ratio	0.026448	0.838023	0.13921
MII_11_ratio__MII_2_ratio	0.035028	0.807212	0.163487
MII_11_ratio__MII_3_ratio	0.045274	0.770896	0.192547
MII_11_ratio__MII_4_ratio	0.031632	0.840835	0.131699
MII_11_ratio__MII_5_ratio	0.033886	0.822312	0.148845
MII_11_ratio__MII_6_ratio	0.033871	0.818405	0.152903
MII_11_ratio__MII_7_ratio	0.06291	0.668149	0.286996
MII_11_ratio__MII_8_ratio	0.040836	0.78839	0.178044
MII_11_ratio__MII_9_ratio	0.055181	0.721287	0.236587
MII_11_ratio__MII_10_ratio	0.062555	0.656299	0.299907
MII_11_ratio__MII_11_ratio	0.091636	0.091636	0.89912
MII_11_ratio__MII_12_ratio	0.064894	0.681076	0.27166
MII_11_ratio__MII_Bulk_ratio	0.088097	0.718744	0.21182
MII_11_ratio__MII_2D_ratio	0.038589	0.788011	0.18036
MII_11_ratio__MII_5D_ratio	0.047399	0.780774	0.180377
MII_12_ratio__MII_1_ratio	0.023946	0.809657	0.170479
MII_12_ratio__MII_2_ratio	0.030894	0.766513	0.209052
MII_12_ratio__MII_3_ratio	0.039717	0.697813	0.273326
MII_12_ratio__MII_4_ratio	0.029291	0.818035	0.15728
MII_12_ratio__MII_5_ratio	0.031194	0.78928	0.185306
MII_12_ratio__MII_6_ratio	0.031186	0.777937	0.197021
MII_12_ratio__MII_7_ratio	0.051762	0.199657	0.789444
MII_12_ratio__MII_8_ratio	0.037679	0.765786	0.204231
MII_12_ratio__MII_9_ratio	0.041259	0.210459	0.780484
MII_12_ratio__MII_10_ratio	0.054627	0.180879	0.80867
MII_12_ratio__MII_11_ratio	0.056506	0.159302	0.831158
MII_12_ratio__MII_12_ratio	0.091636	0.091636	0.89912
MII_12_ratio__MII_Bulk_ratio	0.077455	0.581483	0.369697
MII_12_ratio__MII_2D_ratio	0.034637	0.739915	0.233537
MII_12_ratio__MII_5D_ratio	0.040817	0.708354	0.261502
MII_Bulk_ratio__MII_1_ratio	0.02915	0.082485	0.915038
MII_Bulk_ratio__MII_2_ratio	0.035597	0.098578	0.897784
MII_Bulk_ratio__MII_3_ratio	0.046945	0.111528	0.898291
MII_Bulk_ratio__MII_4_ratio	0.033003	0.081997	0.915204
MII_Bulk_ratio__MII_5_ratio	0.036753	0.078988	0.917998
MII_Bulk_ratio__MII_6_ratio	0.038558	0.079576	0.917231
MII_Bulk_ratio__MII_7_ratio	0.067041	0.097461	0.895536
MII_Bulk_ratio__MII_8_ratio	0.042998	0.073207	0.923506
MII_Bulk_ratio__MII_9_ratio	0.063355	0.07563	0.919255
MII_Bulk_ratio__MII_10_ratio	0.075984	0.065437	0.929182
MII_Bulk_ratio__MII_11_ratio	0.073678	0.066014	0.928736
MII_Bulk_ratio__MII_12_ratio	0.070354	0.082305	0.911467
MII_Bulk_ratio__MII_Bulk_ratio	0.091636	0.091636	0.899119
MII_Bulk_ratio__MII_2D_ratio	0.039026	0.106732	0.888934
MII_Bulk_ratio__MII_5D_ratio	0.051935	0.092795	0.902119
MII_2D_ratio__MII_1_ratio	0.037208	0.096197	0.900087
MII_2D_ratio__MII_2_ratio	0.064573	0.09	0.903792
MII_2D_ratio__MII_3_ratio	0.063967	0.126122	0.86526
MII_2D_ratio__MII_4_ratio	0.038402	0.097496	0.89861
MII_2D_ratio__MII_5_ratio	0.04928	0.089821	0.905524
MII_2D_ratio__MII_6_ratio	0.048991	0.094072	0.901083
MII_2D_ratio__MII_7_ratio	0.070935	0.110301	0.881279
MII_2D_ratio__MII_8_ratio	0.051414	0.089148	0.906021
MII_2D_ratio__MII_9_ratio	0.072063	0.091739	0.901137
MII_2D_ratio__MII_10_ratio	0.082063	0.080836	0.911934
MII_2D_ratio__MII_11_ratio	0.078681	0.077613	0.915759
MII_2D_ratio__MII_12_ratio	0.07652	0.095363	0.896736
MII_2D_ratio__MII_Bulk_ratio	0.122401	0.134669	0.846549
MII_2D_ratio__MII_2D_ratio	0.091636	0.091636	0.899119
MII_2D_ratio__MII_5D_ratio	0.070362	0.115393	0.875876
MII_5D_ratio__MII_1_ratio	0.033181	0.099074	0.897525
MII_5D_ratio__MII_2_ratio	0.04315	0.124073	0.870331
MII_5D_ratio__MII_3_ratio	0.058385	0.125424	0.8668
MII_5D_ratio__MII_4_ratio	0.035931	0.097254	0.899123
MII_5D_ratio__MII_5_ratio	0.053856	0.073897	0.921897
MII_5D_ratio__MII_6_ratio	0.047822	0.093216	0.902103
MII_5D_ratio__MII_7_ratio	0.069215	0.112261	0.879391
MII_5D_ratio__MII_8_ratio	0.046856	0.093849	0.901539
MII_5D_ratio__MII_9_ratio	0.069692	0.089336	0.903971
MII_5D_ratio__MII_10_ratio	0.079186	0.081021	0.912011
MII_5D_ratio__MII_11_ratio	0.076024	0.083734	0.909378
MII_5D_ratio__MII_12_ratio	0.073974	0.098838	0.893269
MII_5D_ratio__MII_Bulk_ratio	0.114199	0.139495	0.842521
MII_5D_ratio__MII_2D_ratio	0.049109	0.133341	0.859769
MII_5D_ratio__MII_5D_ratio	0.091636	0.091636	0.89912
