hg_LPN_11_1_hg_2C_6_1_ALL	0.042244	0.725385	0.24262
hg_LPN_11_1_hg_2C_6_1_1	0.036934	0.664102	0.310429
hg_LPN_11_1_hg_2C_6_1_2	0.047555	0.753979	0.208376
hg_LPN_11_1_hg_2C_6_1_3	0.059213	0.823771	0.124381
hg_LPN_11_1_hg_2C_6_1_4	0.035022	0.645849	0.330712
hg_LPN_11_1_hg_2C_6_1_5	0.045467	0.784332	0.178308
hg_LPN_11_1_hg_2C_6_1_6	0.044939	0.670679	0.297763
hg_LPN_11_1_hg_2C_6_1_7	0.034735	0.743183	0.230073
hg_LPN_11_1_hg_2C_6_1_8	0.049523	0.716028	0.246665
hg_LPN_11_1_hg_2C_6_1_9	0.043531	0.696922	0.27136
hg_LPN_11_1_hg_2C_6_1_10	0.041276	0.715646	0.253543
hg_LPN_11_1_hg_2C_6_1_11	0.052948	0.747548	0.210657
hg_LPN_11_1_hg_2C_6_1_12	0.037151	0.59017	0.387059
hg_LPN_11_1_hg_2C_6_1_13	0.05033	0.760468	0.199229
hg_LPN_11_1_hg_2C_6_1_14	0.038647	0.789786	0.178464
hg_LPN_11_1_hg_2C_6_1_15	0.035627	0.668374	0.306935
hg_LPN_11_1_hg_2C_6_1_16	0.037361	0.69342	0.279667
hg_LPN_11_1_hg_2C_6_1_17	0.034615	0.729327	0.244522
hg_LPN_11_1_hg_2C_6_1_18	0.055483	0.718775	0.239002
hg_LPN_11_1_hg_2C_6_1_19	0.039039	0.765679	0.203216
hg_LPN_11_1_hg_2C_6_1_20	0.038297	0.713209	0.25839
hg_LPN_11_1_hg_2C_6_1_21	0.03931	0.75455	0.214575
hg_LPN_11_1_hg_2C_6_1_22	0.038946	0.744037	0.225812
hg_LPN_11_1_hg_2C_6_1_23	0.044018	0.700698	0.267038
hg_LPN_11_1_hg_2C_6_1_24	0.049521	0.763167	0.197071
hg_LPN_11_1_hg_2C_6_1_25	0.03722	0.724196	0.247808
hg_LPN_11_1_hg_2C_6_1_26	0.05247	0.762355	0.195429
hg_LPN_11_1_hg_2C_6_1_27	0.036946	0.673392	0.300774
hg_LPN_11_1_hg_2C_6_1_28	0.055826	0.732594	0.22409
hg_LPN_11_1_hg_2C_6_1_29	0.040498	0.758463	0.209524
hg_LPN_11_1_hg_2C_6_1_30	0.028296	0.624281	0.35754
hg_LPN_11_1_hg_2C_6_1_31	0.030507	0.637783	0.342149
hg_LPN_11_1_hg_2C_6_1_32	0.039614	0.668947	0.30346
hg_LPN_11_1_hg_2C_6_1_33	0.048336	0.704642	0.259568
hg_LPN_11_1_hg_2C_6_1_34	0.04393	0.66207	0.307508
hg_LPN_11_1_hg_2C_6_1_35	0.026105	0.575652	0.408918
hg_LPN_11_1_hg_2C_6_1_36	0.039349	0.755113	0.213957
hg_LPN_11_1_hg_2C_6_1_37	0.041499	0.744142	0.223639
hg_LPN_11_1_hg_2C_6_1_38	0.03907	0.72519	0.245325
hg_LPN_11_1_hg_2C_6_1_39	0.044982	0.788018	0.174867
hg_LPN_11_1_hg_2C_6_1_40	0.045494	0.670007	0.298059
hg_LPN_11_1_hg_2C_6_1_41	0.035063	0.727553	0.24601
hg_LPN_11_1_hg_2C_6_1_42	0.050752	0.819273	0.136925
hg_LPN_11_1_hg_2C_6_1_43	0.038984	0.775712	0.192821
hg_LPN_11_1_hg_2C_6_1_44	0.043778	0.695566	0.272589
hg_LPN_11_1_hg_2C_6_1_45	0.020949	0.709854	0.274957
hg_LPN_11_1_hg_2C_6_1_46	0.044146	0.764712	0.19997
hg_LPN_11_1_hg_2C_6_1_47	0.051157	0.751324	0.208169
hg_LPN_11_1_hg_2C_6_1_48	0.048957	0.777215	0.182776
hg_LPN_11_1_hg_2C_6_1_49	0.042667	0.694404	0.274648
hg_LPN_11_1_hg_2C_6_1_50	0.047818	0.814541	0.144553
hg_LPN_11_1_hg_2C_6_1_51	0.035844	0.658791	0.316717
hg_LPN_11_1_hg_2C_6_1_52	0.042527	0.676854	0.293083
hg_LPN_11_1_hg_2C_6_1_53	0.03961	0.714615	0.255912
hg_LPN_11_1_hg_2C_6_1_54	0.047465	0.777377	0.183887
hg_LPN_11_1_hg_2C_6_1_55	0.03354	0.756262	0.217493
hg_LPN_11_1_hg_2C_6_1_56	0.055405	0.786341	0.167536
hg_LPN_11_1_hg_2C_6_1_57	0.034599	0.65395	0.322613
hg_LPN_11_1_hg_2C_6_1_58	0.05393	0.767562	0.188684
hg_LPN_11_1_hg_2C_6_1_59	0.04646	0.737355	0.226718
hg_LPN_11_1_hg_2C_6_1_60	0.052023	0.763178	0.194941
hg_LPN_11_1_hg_2C_6_1_61	0.030371	0.605979	0.37504
hg_LPN_11_1_hg_2C_6_1_62	0.048758	0.781125	0.178837
hg_LPN_11_1_hg_2C_6_1_63	0.043822	0.712866	0.254464
hg_LPN_11_1_hg_2C_6_1_64	0.044339	0.754118	0.210893
hg_LPN_11_1_hg_2C_6_1_65	0.045598	0.710577	0.255474
hg_LPN_11_1_hg_2C_6_1_66	0.036614	0.669575	0.304978
hg_LPN_11_1_hg_2C_6_1_67	0.044282	0.637617	0.33284
hg_LPN_11_1_hg_2C_6_1_68	0.06163	0.818435	0.127812
hg_LPN_11_1_hg_2C_6_1_69	0.044593	0.712582	0.254158
hg_LPN_11_1_hg_2C_6_1_70	0.040649	0.686222	0.284702
hg_LPN_11_1_hg_2C_6_1_71	0.05665	0.68641	0.27237
hg_LPN_11_1_hg_2C_6_1_72	0.040253	0.772328	0.195279
hg_LPN_11_1_hg_2C_6_1_73	0.04366	0.691566	0.276862
hg_LPN_11_1_hg_2C_6_1_74	0.039104	0.789597	0.17827
hg_LPN_11_1_hg_2C_6_1_75	0.04085	0.69066	0.279925
hg_LPN_11_1_hg_2C_6_1_76	0.041654	0.784537	0.181364
hg_LPN_11_1_hg_2C_6_1_77	0.040305	0.723711	0.245895
hg_LPN_11_1_hg_2C_6_1_78	0.029126	0.716415	0.262093
hg_LPN_11_1_hg_2C_6_1_79	0.038443	0.705781	0.266001
hg_LPN_11_1_hg_2C_6_1_80	0.042324	0.763262	0.203006
hg_LPN_11_1_hg_2C_6_1_81	0.027134	0.660659	0.320914
hg_LPN_11_1_hg_2C_6_1_82	0.041843	0.759663	0.207162
hg_LPN_11_1_hg_2C_6_1_83	0.057475	0.789011	0.162876
hg_LPN_11_1_hg_2C_6_1_84	0.051867	0.787166	0.169772
hg_LPN_11_1_hg_2C_6_1_85	0.041882	0.744663	0.222786
hg_LPN_11_1_hg_2C_6_1_86	0.039924	0.638721	0.334718
hg_LPN_11_1_hg_2C_6_1_87	0.04032	0.620562	0.353365
hg_LPN_11_1_hg_2C_6_1_88	0.031324	0.668219	0.310173
hg_LPN_11_1_hg_2C_6_1_89	0.037701	0.728613	0.242841
hg_LPN_11_1_hg_2C_6_1_90	0.044778	0.777033	0.186543
hg_LPN_11_1_hg_2C_6_1_91	0.046604	0.725852	0.238667
hg_LPN_11_1_hg_2C_6_1_92	0.033208	0.632704	0.345564
hg_LPN_11_1_hg_2C_6_1_93	0.033628	0.703751	0.27176
hg_LPN_11_1_hg_2C_6_1_94	0.029393	0.568179	0.414614
hg_LPN_11_1_hg_2C_6_1_95	0.046521	0.789689	0.171782
hg_LPN_11_1_hg_2C_6_1_96	0.046722	0.736729	0.227162
hg_LPN_11_1_hg_2C_6_1_97	0.043307	0.639274	0.331787
hg_LPN_11_1_hg_2C_6_1_98	0.042512	0.6786	0.291271
hg_LPN_11_1_hg_2C_6_1_99	0.042271	0.724348	0.243681
hg_LPN_11_1_hg_2C_6_1_100	0.035564	0.696056	0.278277
hg_LPN_11_1_hg_2C_6_1_101	0.042586	0.792054	0.172715
hg_LPN_11_1_hg_2C_6_1_102	0.044804	0.71323	0.253316
hg_LPN_11_1_hg_2C_6_1_103	0.036959	0.688529	0.285047
hg_LPN_11_1_hg_2C_6_1_104	0.04543	0.743507	0.221108
hg_LPN_11_1_hg_2C_6_1_105	0.057476	0.782448	0.169838
hg_LPN_11_1_hg_2C_6_1_106	0.041608	0.712079	0.257007
hg_LPN_11_1_hg_2C_6_1_107	0.041539	0.69023	0.279857
hg_LPN_11_1_hg_2C_6_1_108	0.032782	0.675254	0.301859
hg_LPN_11_1_hg_2C_6_1_109	0.035453	0.744974	0.227644
hg_LPN_11_1_hg_2C_6_1_110	0.047826	0.713008	0.251179
hg_LPN_11_1_hg_2C_6_1_111	0.042901	0.777264	0.187896
hg_LPN_11_1_hg_2C_6_1_112	0.032136	0.599166	0.38094
hg_LPN_11_1_hg_2C_6_1_113	0.04166	0.717301	0.251517
hg_LPN_11_1_hg_2C_6_1_114	0.03053	0.632365	0.34772
hg_LPN_11_1_hg_2C_6_1_115	0.041236	0.693367	0.276812
hg_LPN_11_1_hg_2C_6_1_116	0.048475	0.792403	0.167229
hg_LPN_11_1_hg_2C_6_1_117	0.05154	0.795878	0.160874
hg_LPN_11_1_hg_2C_6_1_118	0.041177	0.737567	0.230758
hg_LPN_11_1_hg_2C_6_1_119	0.044249	0.709147	0.258021
hg_LPN_11_1_hg_2C_6_1_120	0.041365	0.62998	0.342836
hg_LPN_11_1_hg_2C_6_1_121	0.032525	0.612231	0.367187
hg_LPN_11_1_hg_2C_6_1_122	0.027464	0.573108	0.410708
hg_LPN_11_1_hg_2C_6_1_123	0.036279	0.735484	0.236829
hg_LPN_11_1_hg_2C_6_1_124	0.032113	0.609907	0.369857
hg_LPN_11_1_hg_2C_6_1_125	0.03849	0.655925	0.317817
hg_LPN_11_1_hg_2C_6_1_126	0.038746	0.644243	0.329789
hg_LPN_11_1_hg_2C_6_1_127	0.034467	0.668007	0.308147
hg_LPN_11_1_hg_2C_6_1_128	0.041155	0.714113	0.255236
hg_LPN_11_1_hg_2C_6_1_129	0.035492	0.731911	0.241156
hg_LPN_11_1_hg_2C_6_1_130	0.047138	0.822545	0.136764
hg_LPN_11_1_hg_2C_6_1_131	0.038307	0.763045	0.206562
hg_LPN_11_1_hg_2C_6_1_132	0.046747	0.778528	0.183294
hg_LPN_11_1_hg_2C_6_1_133	0.04316	0.759778	0.205952
hg_LPN_11_1_hg_2C_6_1_134	0.027594	0.575351	0.408322
hg_LPN_11_1_hg_2C_6_1_135	0.029515	0.657547	0.322455
hg_LPN_11_1_hg_2C_6_1_136	0.041565	0.76451	0.202334
hg_LPN_11_1_hg_2C_6_1_137	0.035458	0.76131	0.210703
hg_LPN_11_1_hg_2C_6_1_138	0.035157	0.791651	0.179503
hg_LPN_11_1_hg_2C_6_1_139	0.043852	0.749805	0.215807
hg_LPN_11_1_hg_2C_6_1_140	0.053702	0.788919	0.16631
hg_LPN_11_1_hg_2C_6_1_141	0.041152	0.710214	0.259305
hg_LPN_11_1_hg_2C_6_1_142	0.041741	0.759623	0.207288
hg_LPN_11_1_hg_2C_6_1_143	0.040966	0.760803	0.206699
hg_LPN_11_1_hg_2C_6_1_144	0.032915	0.706255	0.269707
hg_LPN_11_1_hg_2C_6_1_145	0.063912	0.760857	0.187195
hg_LPN_11_1_hg_2C_6_1_146	0.042197	0.729421	0.238444
hg_LPN_11_1_hg_2C_6_1_147	0.033686	0.764438	0.208913
hg_LPN_11_1_hg_2C_6_1_148	0.043767	0.727188	0.239529
hg_LPN_11_1_hg_2C_6_1_149	0.039555	0.712033	0.258643
hg_LPN_11_1_hg_2C_6_1_150	0.03656	0.629426	0.346689
hg_LPN_11_1_hg_2C_6_1_151	0.034667	0.597786	0.380746
hg_LPN_11_1_hg_2C_6_1_152	0.037806	0.727107	0.244324
hg_LPN_11_1_hg_2C_6_1_153	0.045821	0.744169	0.220095
hg_LPN_11_1_hg_2C_6_1_154	0.037487	0.744366	0.226643
hg_LPN_11_1_hg_2C_6_1_155	0.039992	0.68088	0.290755
hg_LPN_11_1_hg_2C_6_1_156	0.046441	0.731467	0.232909
hg_LPN_11_1_hg_2C_6_1_157	0.040645	0.747635	0.220691
hg_LPN_11_1_hg_2C_6_1_158	0.049569	0.730603	0.231293
hg_LPN_11_1_hg_2C_6_1_159	0.046222	0.771651	0.190953
hg_LPN_11_1_hg_2C_6_1_160	0.048065	0.789771	0.170352
hg_LPN_11_1_hg_2C_6_1_161	0.03433	0.693007	0.282357
hg_LPN_11_1_hg_2C_6_1_162	0.043434	0.778068	0.186603
hg_LPN_11_1_hg_2C_6_1_163	0.039491	0.729045	0.240981
hg_LPN_11_1_hg_2C_6_1_164	0.044654	0.804059	0.158358
hg_LPN_11_1_hg_2C_6_1_165	0.040286	0.784209	0.182873
hg_LPN_11_1_hg_2C_6_1_166	0.038213	0.759945	0.209862
hg_LPN_11_1_hg_2C_6_1_167	0.032973	0.670491	0.306647
hg_LPN_11_1_hg_2C_6_1_168	0.045106	0.699565	0.26739
hg_LPN_11_1_hg_2C_6_1_169	0.039806	0.599339	0.375815
hg_LPN_11_1_hg_2C_6_1_170	0.050324	0.726901	0.23458
hg_LPN_11_1_hg_2C_6_1_171	0.043911	0.790086	0.173627
hg_LPN_11_1_hg_2C_6_1_172	0.039092	0.704254	0.267095
hg_LPN_11_1_hg_2C_6_1_173	0.049374	0.753941	0.2069
hg_LPN_11_1_hg_2C_6_1_174	0.025129	0.565473	0.419952
hg_LPN_11_1_hg_2C_6_1_175	0.049731	0.813184	0.14426
hg_LPN_11_1_hg_2C_6_1_176	0.051838	0.81129	0.144355
hg_LPN_11_1_hg_2C_6_1_177	0.035959	0.685008	0.289441
hg_LPN_11_1_hg_2C_6_1_178	0.046397	0.7424	0.221479
hg_LPN_11_1_hg_2C_6_1_179	0.050497	0.771393	0.187583
hg_LPN_11_1_hg_2C_6_1_180	0.03793	0.727829	0.243475
hg_LPN_11_1_hg_2C_6_1_181	0.044529	0.701914	0.265374
hg_LPN_11_1_hg_2C_6_1_182	0.040866	0.740717	0.227721
hg_LPN_11_1_hg_2C_6_1_183	0.047304	0.702616	0.262497
hg_LPN_11_1_hg_2C_6_1_184	0.039901	0.70875	0.261795
hg_LPN_11_1_hg_2C_6_1_185	0.049306	0.720003	0.242655
hg_LPN_11_1_hg_2C_6_1_186	0.031889	0.645808	0.332919
hg_LPN_11_1_hg_2C_6_1_187	0.059683	0.758872	0.192961
hg_LPN_11_1_hg_2C_6_1_188	0.051641	0.74685	0.212481
hg_LPN_11_1_hg_2C_6_1_189	0.034872	0.645716	0.330953
hg_LPN_11_1_hg_2C_6_1_190	0.036181	0.729821	0.242782
hg_LPN_11_1_hg_2C_6_1_191	0.040452	0.720153	0.249487
hg_LPN_11_1_hg_2C_6_1_192	0.041297	0.752055	0.215549
hg_LPN_11_1_hg_2C_6_1_193	0.034439	0.757849	0.21512
hg_LPN_11_1_hg_2C_6_1_194	0.047001	0.778459	0.183149
hg_LPN_11_1_hg_2C_6_1_195	0.049211	0.726663	0.235727
hg_LPN_11_1_hg_2C_6_1_196	0.041464	0.776102	0.190326
hg_LPN_11_1_hg_2C_6_1_197	0.023889	0.75726	0.224206
hg_LPN_11_1_hg_2C_6_1_198	0.052198	0.795647	0.160535
hg_LPN_11_1_hg_2C_6_1_199	0.051413	0.70602	0.255714
hg_LPN_11_1_hg_2C_6_1_200	0.045043	0.707078	0.25957
