hg_LPN_11__hg_2C_6_1	0.014	0.55195	0.440213
hg_LPN_11__hg_2C_6_2	0.013979	0.479447	0.513755
hg_LPN_12__hg_2C_6_1	0.018824	0.300423	0.693814
hg_LPN_12__hg_2C_6_2	0.023658	0.415546	0.574385
hg_LPN_8__hg_2C_6_1	0.025978	0.230869	0.762974
hg_LPN_8__hg_2C_6_2	0.029209	0.330002	0.660069
hg_LPN_9__hg_2C_6_1	0.02012	0.282992	0.711197
hg_LPN_9__hg_2C_6_2	0.024992	0.383126	0.607054
hg_2C_6_1__hg_4C_7_1	0.009119	0.748036	0.245079
hg_2C_6_1__hg_4C_7_2	0.012147	0.808	0.182064
hg_2C_6_1__hg_4C_7_3	0.010582	0.77279	0.218945
hg_2C_6_1__hg_4C_7_4	0.01228	0.76588	0.224598
hg_2C_6_2__hg_4C_7_1	0.007597	0.624191	0.37103
hg_2C_6_2__hg_4C_7_2	0.011386	0.743263	0.248177
hg_2C_6_2__hg_4C_7_3	0.007969	0.676242	0.318326
hg_2C_6_2__hg_4C_7_4	0.007375	0.637363	0.357902
hg_4C_7_1__hg_8C_9_1	0.0686	0.152881	0.835858
hg_4C_7_1__hg_8C_9_2	0.073141	0.178771	0.807121
hg_4C_7_1__hg_8C_9_3	0.094918	0.159444	0.823834
hg_4C_7_1__hg_8C_9_4	0.117731	0.100532	0.886053
hg_4C_7_1__hg_8C_9_5	0.077698	0.180778	0.803992
hg_4C_7_1__hg_8C_9_6	0.082018	0.189872	0.793164
hg_4C_7_1__hg_8C_9_7	0.073841	0.201647	0.782276
hg_4C_7_1__hg_8C_9_8	0.092671	0.122861	0.864591
hg_4C_7_2__hg_8C_9_1	0.047568	0.233225	0.755127
hg_4C_7_2__hg_8C_9_2	0.055833	0.248708	0.736585
hg_4C_7_2__hg_8C_9_3	0.08032	0.206412	0.775561
hg_4C_7_2__hg_8C_9_4	0.094015	0.148902	0.835646
hg_4C_7_2__hg_8C_9_5	0.060589	0.232611	0.752386
hg_4C_7_2__hg_8C_9_6	0.063072	0.244456	0.739088
hg_4C_7_2__hg_8C_9_7	0.062349	0.239598	0.74447
hg_4C_7_2__hg_8C_9_8	0.07301	0.201004	0.783165
hg_4C_7_3__hg_8C_9_1	0.059155	0.200022	0.787402
hg_4C_7_3__hg_8C_9_2	0.065902	0.224587	0.759568
hg_4C_7_3__hg_8C_9_3	0.082674	0.195354	0.787039
hg_4C_7_3__hg_8C_9_4	0.100166	0.155048	0.827693
hg_4C_7_3__hg_8C_9_5	0.071208	0.228993	0.753451
hg_4C_7_3__hg_8C_9_6	0.07355	0.214966	0.767968
hg_4C_7_3__hg_8C_9_7	0.071551	0.221628	0.761292
hg_4C_7_3__hg_8C_9_8	0.082832	0.173609	0.810712
hg_4C_7_4__hg_8C_9_1	0.055591	0.196249	0.792199
hg_4C_7_4__hg_8C_9_2	0.064661	0.212709	0.772587
hg_4C_7_4__hg_8C_9_3	0.08689	0.184561	0.797876
hg_4C_7_4__hg_8C_9_4	0.102398	0.134717	0.849915
hg_4C_7_4__hg_8C_9_5	0.070227	0.215248	0.768493
hg_4C_7_4__hg_8C_9_6	0.075533	0.205237	0.777994
hg_4C_7_4__hg_8C_9_7	0.066644	0.22246	0.761656
hg_4C_7_4__hg_8C_9_8	0.079065	0.172818	0.812345
